id,n,oracle,num_sets,gt,ggt,ueigv,hybrid,hybrid_ggt,miller,len_mean_words,len_z,len_boost,ceil_hybrid_ggt
1851,8,3.0,1.0,1.0,1.0,1.1177750751016915,1.1177750751016915,1.1177750751016915,1.1177750751016915,20.5,-0.824982433527959,1.0255605949422624,2.0
1852,8,1.0,1.0,1.0,1.0,1.259321446590926,1.259321446590926,1.259321446590926,1.259321446590926,21.75,-0.7393583565664326,1.1662124630768929,2.0
1853,8,6.0,1.0,1.0,1.0,1.3858775271599966,1.3858775271599966,1.3858775271599966,1.3858775271599966,20.0,-0.8592320643125695,1.2667984863053883,2.0
1854,8,2.0,1.0,1.0,1.0,1.707235588995681,1.707235588995681,1.707235588995681,1.707235588995681,37.875,0.3651922362372571,1.7695825072485973,2.0
1855,8,1.0,1.0,1.0,1.0,1.464861367726391,1.464861367726391,1.464861367726391,1.464861367726391,19.875,-0.8677944720087221,1.3377415080091812,2.0
1856,8,3.0,2.0,2.0,2.2715523949578253,1.9901531764381217,2.0,2.2715523949578253,2.3340523949578253,16.5,-1.0989794798048431,2.0219134480218055,3.0
1857,8,3.0,2.0,2.2857142857142856,2.1375579585356257,1.5880919089315877,2.2857142857142856,2.1375579585356257,2.2000579585356257,70.875,2.6256678680215524,2.6988096833116995,3.0
1858,8,9.0,3.0,4.0,3.443153522546566,2.4569637880653277,4.0,3.443153522546566,3.568153522546566,28.875,-0.2513011178857325,3.356626689619751,4.0
1859,8,5.0,3.0,3.4285714285714284,3.2063369378034388,2.855438103826571,3.4285714285714284,3.2063369378034388,3.3313369378034388,40.875,0.5706900209449203,3.38931938722259,4.0
1860,8,9.0,4.0,4.571428571428571,5.74252713155054,4.559179903120897,4.571428571428571,5.74252713155054,5.93002713155054,47.25,1.0073728134487046,6.321013702832098,6.0
1861,8,3.0,1.0,1.0,1.0,1.4276672590465442,1.4276672590465442,1.4276672590465442,1.4276672590465442,20.5,-0.824982433527959,1.3098872180829033,2.0
1862,8,3.0,2.0,2.0,2.2715523949578253,1.5444897977284324,2.0,2.2715523949578253,2.3340523949578253,21.0,-0.7907328027433485,2.091933295773489,3.0
1863,8,2.0,2.0,2.2857142857142856,2.1375579585356257,2.084519298678721,2.2857142857142856,2.1375579585356257,2.2000579585356257,18.0,-0.9962305874510116,1.9246078964613726,3.0
1864,8,5.0,2.0,2.0,2.2715523949578253,1.9020837426334343,2.0,2.2715523949578253,2.3340523949578253,25.0,-0.5167357564664641,2.154173160441651,3.0
1865,8,3.0,1.0,1.0,1.0,1.5787409591146524,1.5787409591146524,1.5787409591146524,1.5787409591146524,19.875,-0.8677944720087221,1.441738691409308,2.0
1866,8,3.0,2.0,2.0,2.2715523949578253,1.592904479782205,2.0,2.2715523949578253,2.3340523949578253,15.125,-1.193165964462522,2.0005184945421246,3.0
1867,8,13.0,3.0,3.0,3.407328592436738,2.6341950333311095,3.0,3.407328592436738,3.532328592436738,59.375,1.83792635997551,4.033570496150511,4.0
1868,8,3.0,1.0,1.0,1.0,1.2876372208077083,1.2876372208077083,1.2876372208077083,1.2876372208077083,24.75,-0.5338605718587695,1.2188953465030044,2.0
1869,8,4.0,4.0,5.333333333333333,5.320921844268105,2.5999616356258963,5.333333333333333,5.320921844268105,5.508421844268105,21.625,-0.7479207642625852,4.922959051033457,6.0
1870,8,10.0,4.0,5.333333333333333,5.320921844268105,3.424624870050448,5.333333333333333,5.320921844268105,5.508421844268105,37.75,0.3566298285411045,5.5106817887683,6.0
1871,8,1.0,1.0,1.0,1.0,1.000000000000001,1.000000000000001,1.000000000000001,1.000000000000001,15.0,-1.201728372158675,0.8798271627841335,2.0
1872,8,12.0,3.0,3.4285714285714284,3.2063369378034388,2.5646028384139954,3.4285714285714284,3.2063369378034388,3.3313369378034388,43.125,0.7248133594756677,3.438736522553462,4.0
1873,8,1.0,1.0,1.0,1.0,1.0045354572232834,1.0045354572232834,1.0045354572232834,1.0045354572232834,19.5,-0.89348169509718,0.9147820529127754,2.0
1874,8,2.0,1.0,1.0,1.0,1.4271170155465125,1.4271170155465125,1.4271170155465125,1.4271170155465125,18.875,-0.9362937335779432,1.293496943672647,2.0
1875,8,3.0,1.0,1.0,1.0,1.5760412786571887,1.5760412786571887,1.5760412786571887,1.5760412786571887,27.375,-0.3540500102395641,1.5202415355725334,2.0
1876,8,2.0,2.0,2.2857142857142856,2.1375579585356257,1.4343644203099188,2.2857142857142856,2.1375579585356257,2.2000579585356257,20.625,-0.8164200258318063,1.9630434461631618,3.0
1877,8,5.0,2.0,2.2857142857142856,2.1375579585356257,2.1851735362491165,2.2857142857142856,2.1851735362491165,2.2476735362491165,34.375,0.12544482074498337,2.212585406504262,3.0
1878,8,16.0,5.0,6.666666666666667,9.753057789243005,3.6366165876867163,6.666666666666667,9.753057789243005,10.003057789243005,41.875,0.6391892825141414,10.376462790305524,10.0
1879,8,12.0,3.0,3.4285714285714284,3.2063369378034388,3.3567678844758024,3.4285714285714284,3.3567678844758024,3.4817678844758024,47.875,1.0501848519294679,3.7092905628477837,4.0
1880,8,9.0,2.0,2.0,2.2715523949578253,3.6185655283248135,3.6185655283248135,3.6185655283248135,3.6810655283248135,34.125,0.1083200053526781,3.6577618320645295,4.0
1881,8,3.0,1.0,1.0,1.0,1.5943127403865156,1.5943127403865156,1.5943127403865156,1.5943127403865156,20.875,-0.799295210439501,1.4668800866531537,2.0
1882,8,7.0,2.0,2.2857142857142856,2.1375579585356257,3.6874207212754024,3.6874207212754024,3.6874207212754024,3.7499207212754024,44.875,0.8446870672218045,3.998892380742106,4.0
1883,8,6.0,1.0,1.0,1.0,2.602428990688934,2.602428990688934,2.602428990688934,2.602428990688934,50.125,1.204308190460215,2.9158416455467138,3.0
1884,8,1.0,1.0,1.0,1.0,1.5422628505214706,1.5422628505214706,1.5422628505214706,1.5422628505214706,27.5,-0.3454876025434115,1.4889795810496276,2.0
1885,8,6.0,3.0,3.4285714285714284,3.2063369378034388,4.777674894293175,4.777674894293175,4.777674894293175,4.902674894293175,54.75,1.5211172752178626,5.504415276001577,5.0
1886,8,7.0,4.0,4.571428571428571,5.74252713155054,4.28896429591721,4.571428571428571,5.74252713155054,5.93002713155054,45.5,0.8874991057025677,6.252175900922923,6.0
1887,8,5.0,2.0,2.0,2.2715523949578253,1.8940665979228473,2.0,2.2715523949578253,2.3340523949578253,25.625,-0.473923717985701,2.1638981392960517,3.0
1888,8,11.0,5.0,8.0,7.273821453226307,5.41156443991521,8.0,7.273821453226307,7.523821453226307,57.0,1.67524061374861,8.492361564786371,8.0
1889,8,3.0,1.0,1.0,1.0,1.5485764506133095,1.5485764506133095,1.5485764506133095,1.5485764506133095,38.625,0.41656668241417294,1.6130849860629797,2.0
1890,8,2.0,1.0,1.0,1.0,1.4281955631941399,1.4281955631941399,1.4281955631941399,1.4281955631941399,15.375,-1.176041149070217,1.2602338880705577,2.0
1891,8,3.0,2.0,2.0,2.2715523949578253,1.9508718937675704,2.0,2.2715523949578253,2.3340523949578253,14.25,-1.2531028183355906,1.986903524145964,3.0
1892,8,5.0,2.0,2.2857142857142856,2.1375579585356257,1.603996214967855,2.2857142857142856,2.1375579585356257,2.2000579585356257,50.125,1.204308190460215,2.3949858142404126,3.0
1893,8,2.0,1.0,1.0,1.0,1.155265603233794,1.155265603233794,1.155265603233794,1.155265603233794,14.125,-1.2616652260317431,1.0095097593907278,2.0
1894,8,3.0,2.0,2.2857142857142856,2.1375579585356257,2.425778269209526,2.425778269209526,2.425778269209526,2.488278269209526,27.75,-0.3283627871511062,2.3461247378607033,3.0
1895,8,17.0,6.0,12.0,11.916610568939126,4.769034314535241,12.0,11.916610568939126,12.229110568939126,42.0,0.647751690210294,12.688511032699942,12.0
1896,8,1.0,1.0,1.0,1.0,1.0000000000000002,1.0000000000000002,1.0000000000000002,1.0000000000000002,28.75,-0.25986352558188514,0.9740136474418117,2.0
1897,8,27.0,5.0,8.0,7.273821453226307,4.581180747681737,8.0,7.273821453226307,7.523821453226307,50.25,1.2128705981563679,8.156041870912029,8.0
1898,8,11.0,3.0,3.4285714285714284,3.676009769735622,2.7958928162759644,3.4285714285714284,3.676009769735622,3.801009769735622,49.375,1.1529337442832994,4.09982934051995,4.0
1899,8,7.0,1.0,1.0,1.0,1.4564368712835654,1.4564368712835654,1.4564368712835654,1.4564368712835654,32.375,-0.011553702393458758,1.4547541474669983,2.0
1900,8,7.0,2.0,2.2857142857142856,2.1375579585356257,2.0204198957823496,2.2857142857142856,2.1375579585356257,2.2000579585356257,33.5,0.06550796687191494,2.1515606661290803,3.0
1901,8,24.0,4.0,5.333333333333333,4.590871363395421,2.5795500790848913,5.333333333333333,4.590871363395421,4.778371363395421,20.25,-0.8421072489202642,4.204270757997847,5.0
1902,8,12.0,2.0,2.0,2.2715523949578253,4.550690639638499,4.550690639638499,4.550690639638499,4.613190639638499,45.0,0.8532494749179572,4.93897807951706,5.0
1903,8,2.0,1.0,1.0,1.0,1.3545943010298518,1.3545943010298518,1.3545943010298518,1.3545943010298518,29.25,-0.2256138947972746,1.3240327714172981,2.0
1904,8,5.0,3.0,3.4285714285714284,3.676009769735622,2.6701568057186162,3.4285714285714284,3.676009769735622,3.801009769735622,26.125,-0.4396740872010904,3.5143851457305417,4.0
1905,8,3.0,1.0,1.0,1.0,2.7897221998460573,2.7897221998460573,2.7897221998460573,2.7897221998460573,34.625,0.14256963613728865,2.829495167741674,3.0
1906,8,4.0,1.0,1.0,1.0,1.6054181893746566,1.6054181893746566,1.6054181893746566,1.6054181893746566,40.0,0.5107531670718519,1.687415431844443,2.0
1907,8,1.0,1.0,1.0,1.0,1.0129226244415,1.0129226244415,1.0129226244415,1.0129226244415,19.125,-0.919168918185638,0.9198179251501349,2.0
1908,8,1.0,1.0,1.0,1.0,1.358474836504481,1.358474836504481,1.358474836504481,1.358474836504481,24.25,-0.56811020264338,1.2812984950392317,2.0
1909,8,15.0,4.0,5.333333333333333,4.590871363395421,3.2519464111658856,5.333333333333333,4.590871363395421,4.778371363395421,58.125,1.7523022830139838,5.395330800505553,5.0
1910,8,1.0,1.0,1.0,1.0,1.0524910359930506,1.0524910359930506,1.0524910359930506,1.0524910359930506,11.25,-1.458600603043254,0.8989746300133423,2.0
1911,8,4.0,1.0,1.0,1.0,1.5067063602563084,1.5067063602563084,1.5067063602563084,1.5067063602563084,14.5,-1.2359780029432854,1.3204807684391546,2.0
1912,8,4.0,3.0,3.4285714285714284,3.2063369378034388,2.9095183477538944,3.4285714285714284,3.2063369378034388,3.3313369378034388,25.625,-0.473923717985701,3.0543810255355694,4.0
1913,8,8.0,2.0,2.0,2.0,1.8993235380343307,2.0,2.0,2.0625,20.0,-0.8592320643125695,1.828153587137486,2.0
1914,8,1.0,1.0,1.0,1.0,1.7368819614474433,1.7368819614474433,1.7368819614474433,1.7368819614474433,48.375,1.0844344827140784,1.9252354305872106,2.0
1915,8,40.0,4.0,5.333333333333333,4.590871363395421,4.763138403881139,5.333333333333333,4.763138403881139,4.950638403881139,72.625,2.7455415757676893,6.070877855780281,5.0
1916,8,2.0,1.0,1.0,1.0,1.1524722553802826,1.1524722553802826,1.1524722553802826,1.1524722553802826,10.625,-1.501412641524017,0.9794386140569175,2.0
1917,8,19.0,4.0,4.571428571428571,5.74252713155054,4.932495040540261,4.932495040540261,5.74252713155054,5.93002713155054,55.0,1.538242090610168,6.625866825572731,6.0
1918,8,3.0,2.0,2.2857142857142856,2.1375579585356257,1.7987876686787243,2.2857142857142856,2.1375579585356257,2.2000579585356257,26.25,-0.4311116795049378,2.045405338381282,3.0
1919,8,3.0,3.0,3.4285714285714284,3.2063369378034388,2.078173762482781,3.4285714285714284,3.2063369378034388,3.3313369378034388,25.5,-0.4824861256818536,3.051635629128299,4.0
1920,8,2.0,1.0,1.0,1.0,1.151283000486839,1.151283000486839,1.151283000486839,1.151283000486839,21.5,-0.7564831719587378,1.0641903788837934,2.0
1921,8,6.0,3.0,3.4285714285714284,3.676009769735622,2.5896607768459483,3.4285714285714284,3.676009769735622,3.801009769735622,39.625,0.485065943983394,3.8543204846405206,4.0
1922,8,3.0,2.0,2.0,2.2715523949578253,1.901346868313702,2.0,2.2715523949578253,2.3340523949578253,30.75,-0.12286500244344299,2.243642965902135,3.0
1923,8,2.0,1.0,1.0,1.0,1.2492387015512085,1.2492387015512085,1.2492387015512085,1.2492387015512085,17.75,-1.013355402843317,1.1226464227854198,2.0
1924,8,13.0,3.0,3.4285714285714284,3.676009769735622,4.407270998336216,4.407270998336216,4.407270998336216,4.532270998336216,32.875,0.022695928391151775,4.41727370903408,5.0
1925,8,3.0,1.0,1.0,1.0,1.644054893489003,1.644054893489003,1.644054893489003,1.644054893489003,21.625,-0.7479207642625852,1.5210926142462091,2.0
1926,8,6.0,1.0,1.0,1.0,1.9730449879733,1.9730449879733,1.9730449879733,1.9730449879733,32.25,-0.02011611008961139,1.9690759889543172,2.0
1927,8,16.0,5.0,8.0,7.273821453226307,6.146185261956991,8.0,7.273821453226307,7.523821453226307,52.75,1.3841187520794205,8.280604720495118,8.0
1928,8,2.0,1.0,1.0,1.0,1.153976344794251,1.153976344794251,1.153976344794251,1.153976344794251,21.375,-0.7650455796548905,1.0656918946331362,2.0
1929,8,4.0,2.0,2.0,2.2715523949578253,2.3179698456190567,2.3179698456190567,2.3179698456190567,2.3804698456190567,48.75,1.1101217058025363,2.5752927095208036,3.0
1930,8,2.0,1.0,1.0,1.0,1.4024830588337844,1.4024830588337844,1.4024830588337844,1.4024830588337844,22.75,-0.6708590949972115,1.308396207273969,2.0
1931,8,5.0,3.0,3.0,3.407328592436738,4.395139123537249,4.395139123537249,4.395139123537249,4.520139123537249,37.75,0.3566298285411045,4.551882894741388,5.0
1932,8,2.0,1.0,1.0,1.0,1.3406778986269228,1.3406778986269228,1.3406778986269228,1.3406778986269228,13.25,-1.3216020799048116,1.1634936286961475,2.0
1933,8,8.0,2.0,2.0,2.0,2.808300341722587,2.808300341722587,2.808300341722587,2.870800341722587,47.875,1.0501848519294679,3.103223789577128,3.0
1934,8,4.0,1.0,1.0,1.0,1.4907808856920173,1.4907808856920173,1.4907808856920173,1.4907808856920173,34.5,0.13400722844113602,1.510758427162478,2.0
1935,8,3.0,1.0,1.0,1.0,1.4833073822922767,1.4833073822922767,1.4833073822922767,1.4833073822922767,16.25,-1.1161042951971485,1.3177548082448718,2.0
1936,8,4.0,2.0,2.2857142857142856,2.1375579585356257,1.5230101748898905,2.2857142857142856,2.1375579585356257,2.2000579585356257,35.0,0.16825685922574654,2.173523837387246,3.0
1937,8,6.0,2.0,2.2857142857142856,2.1375579585356257,2.3187465346850935,2.3187465346850935,2.3187465346850935,2.3812465346850935,38.125,0.38231705162956237,2.4073961685468004,3.0
1938,8,9.0,2.0,2.0,2.0,2.733876891603016,2.733876891603016,2.733876891603016,2.796376891603016,33.125,0.03982074378345704,2.7447633927266195,3.0
1939,8,2.0,1.0,1.0,1.0,1.8203462422145595,1.8203462422145595,1.8203462422145595,1.8203462422145595,30.25,-0.15711463322805352,1.7917459389951989,2.0
1940,8,8.0,3.0,3.4285714285714284,3.2063369378034388,3.1852022049603033,3.4285714285714284,3.2063369378034388,3.3313369378034388,27.125,-0.3711748256318694,3.0873257824228175,4.0
1941,8,3.0,1.0,1.0,1.0,1.341466847497438,1.341466847497438,1.341466847497438,1.341466847497438,10.625,-1.501412641524017,1.1400573191956356,2.0
1942,8,1.0,1.0,1.0,1.0,2.0040840300918172,2.0040840300918172,2.0040840300918172,2.0040840300918172,36.5,0.2710057515795781,2.0583958599721837,3.0
1943,8,8.0,3.0,3.0,3.9426460859987684,4.620449172680615,4.620449172680615,4.620449172680615,4.745449172680615,44.875,0.8446870672218045,5.010732538772516,5.0
1944,8,4.0,2.0,2.0,2.0,1.9154734923355665,2.0,2.0,2.0625,29.625,-0.1999266717088167,1.9600146656582367,2.0
1945,8,8.0,3.0,4.0,3.443153522546566,5.015943256792314,5.015943256792314,5.015943256792314,5.140943256792314,36.0,0.2367561207949676,5.134698783552896,6.0
1946,8,9.0,3.0,3.0,3.9426460859987684,2.6527009831709756,3.0,3.9426460859987684,4.067646085998769,33.75,0.0826327822642202,3.97522526755569,4.0
1947,8,15.0,4.0,5.333333333333333,4.590871363395421,2.8165103518694825,5.333333333333333,4.590871363395421,4.778371363395421,45.25,0.8703742903102625,4.990449003877521,5.0
1948,8,2.0,1.0,1.0,1.0,1.542027110985746,1.542027110985746,1.542027110985746,1.542027110985746,39.0,0.44225390550263083,1.6102238622081846,2.0
1949,8,3.0,1.0,1.0,1.0,1.6072395097178753,1.6072395097178753,1.6072395097178753,1.6072395097178753,33.875,0.09119518996037285,1.6218967609579293,2.0
1950,8,5.0,1.0,1.0,1.0,1.1565467211392326,1.1565467211392326,1.1565467211392326,1.1565467211392326,15.25,-1.1846035567663695,1.0195417851964308,2.0
1951,8,2.0,2.0,2.2857142857142856,2.1375579585356257,1.9967846223865398,2.2857142857142856,2.1375579585356257,2.2000579585356257,30.0,-0.17423944862035878,2.100313266526695,3.0
1952,8,3.0,2.0,2.2857142857142856,2.1375579585356257,1.8433389826954452,2.2857142857142856,2.1375579585356257,2.2000579585356257,35.0,0.16825685922574654,2.173523837387246,3.0
1953,8,1.0,1.0,1.0,1.0,1.1540909911771235,1.1540909911771235,1.1540909911771235,1.1540909911771235,23.875,-0.5937974257318378,1.0855613652149954,2.0
1954,8,3.0,1.0,1.0,1.0,1.6792311662448576,1.6792311662448576,1.6792311662448576,1.6792311662448576,16.0,-1.1332291105894536,1.4889358021450825,2.0
1955,8,3.0,1.0,1.0,1.0,1.7091098404150862,1.7091098404150862,1.7091098404150862,1.7091098404150862,42.75,0.6991261363872098,1.828598176354162,2.0
1956,8,8.0,3.0,3.4285714285714284,3.2063369378034388,3.476960956579848,3.476960956579848,3.476960956579848,3.601960956579848,59.0,1.812239136887052,4.107069428874072,4.0
1957,8,15.0,3.0,3.0,3.407328592436738,4.931684094369584,4.931684094369584,4.931684094369584,5.056684094369584,37.75,0.3566298285411045,5.107562659668975,5.0
1958,8,18.0,5.0,10.0,6.733203485052171,4.243712716948662,10.0,6.733203485052171,6.983203485052171,63.25,2.1033609985562416,8.14943924563234,7.0
1959,8,11.0,4.0,4.571428571428571,5.74252713155054,2.3941881183493714,4.571428571428571,5.74252713155054,5.93002713155054,64.5,2.188985075517768,6.9995577502225395,6.0
1960,8,3.0,1.0,1.0,1.0,1.0000000000000004,1.0000000000000004,1.0000000000000004,1.0000000000000004,18.375,-0.9705433643625537,0.9029456635637451,2.0
1961,8,1.0,1.0,1.0,1.0,1.0007149484840663,1.0007149484840663,1.0007149484840663,1.0007149484840663,19.0,-0.9277313258817905,0.9078754878853812,2.0
1962,8,1.0,1.0,1.0,1.0,1.6542340028440634,1.6542340028440634,1.6542340028440634,1.6542340028440634,20.5,-0.824982433527959,1.5177626035149643,2.0
1963,8,12.0,3.0,4.0,3.443153522546566,4.150283445227354,4.150283445227354,4.150283445227354,4.275283445227354,54.125,1.4783052367370995,4.763822020329642,5.0
1964,8,13.0,3.0,3.4285714285714284,3.2063369378034388,2.5852376575467018,3.4285714285714284,3.2063369378034388,3.3313369378034388,45.625,0.8960615133987204,3.4936444506988757,4.0
1965,8,2.0,1.0,1.0,1.0,1.4824426814055083,1.4824426814055083,1.4824426814055083,1.4824426814055083,30.0,-0.17423944862035878,1.45661268186357,2.0
1966,8,5.0,1.0,1.0,1.0,1.5132020995010396,1.5132020995010396,1.5132020995010396,1.5132020995010396,29.5,-0.20848907940496933,1.4816534882331756,2.0
1967,8,8.0,3.0,3.4285714285714284,3.2063369378034388,4.858911773698241,4.858911773698241,4.858911773698241,4.983911773698241,60.0,1.8807383984562733,5.772745968448797,5.0
1968,8,1.0,1.0,1.0,1.0,2.154541379869864,2.154541379869864,2.154541379869864,2.154541379869864,24.875,-0.5252981641626168,2.041363716724061,3.0
1969,8,2.0,1.0,1.0,1.0,1.0000228964884639,1.0000228964884639,1.0000228964884639,1.0000228964884639,27.125,-0.3711748256318694,0.9629045640652656,2.0
1970,8,7.0,2.0,2.2857142857142856,2.1375579585356257,1.8353296186826509,2.2857142857142856,2.1375579585356257,2.2000579585356257,34.875,0.1596944515295939,2.171693573115732,3.0
1971,8,2.0,1.0,1.0,1.0,1.3096163001149574,1.3096163001149574,1.3096163001149574,1.3096163001149574,13.25,-1.3216020799048116,1.1365371375040403,2.0
1972,8,2.0,1.0,1.0,1.0,1.352426551262446,1.352426551262446,1.352426551262446,1.352426551262446,15.875,-1.1417915182856064,1.1980076347288746,2.0
1973,8,4.0,2.0,2.0,2.2715523949578253,1.8571683146811742,2.0,2.2715523949578253,2.3340523949578253,23.125,-0.6451718719087536,2.12499822387845,3.0
1974,8,4.0,2.0,2.2857142857142856,2.1375579585356257,2.0161343832063237,2.2857142857142856,2.1375579585356257,2.2000579585356257,41.625,0.6220644671218362,2.2705278437774763,3.0
1975,8,3.0,1.0,1.0,1.0,1.0000000000000007,1.0000000000000007,1.0000000000000007,1.0000000000000007,15.875,-1.1417915182856064,0.8858208481714399,2.0
1976,8,13.0,4.0,5.333333333333333,4.590871363395421,2.7322737094304816,5.333333333333333,4.590871363395421,4.778371363395421,40.375,0.5364403901603098,4.837144245930984,5.0
1977,8,4.0,1.0,1.0,1.0,1.3564647503803333,1.3564647503803333,1.3564647503803333,1.3564647503803333,24.5,-0.5509853872510747,1.2817255248022592,2.0
1978,8,3.0,2.0,2.2857142857142856,2.1375579585356257,1.8560496749363442,2.2857142857142856,2.1375579585356257,2.2000579585356257,29.0,-0.24273871018957985,2.085671152354585,3.0
1979,8,3.0,1.0,1.0,1.0,1.7161125695722914,1.7161125695722914,1.7161125695722914,1.7161125695722914,17.0,-1.0647298490202326,1.5333929418620484,2.0
1980,8,10.0,4.0,4.571428571428571,5.74252713155054,4.209243228750584,4.571428571428571,5.74252713155054,5.93002713155054,53.75,1.4526180136486415,6.5766969670661775,6.0
1981,8,3.0,2.0,2.0,2.0,2.3278526043807095,2.3278526043807095,2.3278526043807095,2.3903526043807095,18.0,-0.9962305874510116,2.0959448076245533,3.0
1982,8,12.0,3.0,3.4285714285714284,3.676009769735622,3.8588797543110003,3.8588797543110003,3.8588797543110003,3.9838797543110003,52.875,1.392681159775573,4.396298667477833,4.0
1983,8,4.0,1.0,1.0,1.0,2.608929179799496,2.608929179799496,2.608929179799496,2.608929179799496,26.5,-0.4139868641126325,2.5009229388157825,3.0
1984,8,3.0,1.0,1.0,1.0,1.6793250771259098,1.6793250771259098,1.6793250771259098,1.6793250771259098,29.625,-0.1999266717088167,1.6457508897872164,2.0
1985,8,5.0,3.0,3.0,3.9426460859987684,2.3934901893329776,3.0,3.9426460859987684,4.067646085998769,32.25,-0.02011611008961139,3.9347150157277357,4.0
1986,8,2.0,1.0,1.0,1.0,1.5661815809259347,1.5661815809259347,1.5661815809259347,1.5661815809259347,25.625,-0.473923717985701,1.4919565211386205,2.0
1987,8,2.0,1.0,1.0,1.0,1.3330158252490318,1.3330158252490318,1.3330158252490318,1.3330158252490318,13.75,-1.287352449120201,1.161409706513999,2.0
1988,8,3.0,2.0,2.0,2.0,2.1126856541512753,2.1126856541512753,2.1126856541512753,2.1751856541512753,31.75,-0.05436574087422193,2.101199882069048,3.0
1989,8,13.0,3.0,3.4285714285714284,3.676009769735622,3.870732507598599,3.870732507598599,3.870732507598599,3.995732507598599,54.875,1.5296796829140153,4.462830595085439,4.0
1990,8,3.0,1.0,1.0,1.0,1.2874649078026332,1.2874649078026332,1.2874649078026332,1.2874649078026332,24.375,-0.5595477949472273,1.2154250927793433,2.0
1991,8,6.0,4.0,4.0,7.665469823480081,2.3321006551394534,4.0,7.665469823480081,7.852969823480081,20.625,-0.8164200258318063,7.039645516350227,8.0
1992,8,3.0,2.0,2.2857142857142856,2.1375579585356257,2.4718181184876045,2.4718181184876045,2.4718181184876045,2.5343181184876045,21.75,-0.7393583565664326,2.289062180305992,3.0
1993,8,44.0,8.0,inf,16.488822500558356,7.936401424817301,7.936401424817301,16.488822500558356,16.926322500558356,71.75,2.6856047218946206,20.917068457156535,17.0
1994,8,1.0,1.0,1.0,1.0,2.2500583068214963,2.2500583068214963,2.2500583068214963,2.2500583068214963,45.0,0.8532494749179572,2.442044413704519,3.0
1995,8,2.0,1.0,1.0,1.0,1.1541208472634676,1.1541208472634676,1.1541208472634676,1.1541208472634676,23.625,-0.6109222411241431,1.0836130378096385,2.0
1996,8,12.0,3.0,3.4285714285714284,3.2063369378034388,3.990326596341715,3.990326596341715,3.990326596341715,4.115326596341715,51.75,1.3156194905101994,4.515301740706554,4.0
1997,8,12.0,3.0,3.0,3.9426460859987684,3.6809274107481404,3.6809274107481404,3.9426460859987684,4.067646085998769,55.5,1.5724917213947784,4.562623919061028,4.0
1998,8,3.0,1.0,1.0,1.0,1.3125193339492813,1.3125193339492813,1.3125193339492813,1.3125193339492813,22.75,-0.6708590949972115,1.2244677806953255,2.0
1999,8,2.0,1.0,1.0,1.0,1.1546904182898872,1.1546904182898872,1.1546904182898872,1.1546904182898872,9.625,-1.569911903093238,0.9734141950837867,2.0
2000,8,2.0,1.0,1.0,1.0,1.1525375047867443,1.1525375047867443,1.1525375047867443,1.1525375047867443,23.0,-0.6537342796049063,1.0771921772458044,2.0
2001,8,2.0,1.0,1.0,1.0,1.000000000000001,1.000000000000001,1.000000000000001,1.000000000000001,9.0,-1.6127239415740011,0.8387276058426008,2.0
2002,8,3.0,1.0,1.0,1.0,1.2573128874877155,1.2573128874877155,1.2573128874877155,1.2573128874877155,31.25,-0.08861537165883246,1.2461711626060992,2.0
2003,8,12.0,6.0,16.0,8.84648183982432,4.325826251213911,16.0,8.84648183982432,9.15898183982432,50.5,1.229995413548673,9.934595048726873,9.0
2004,8,11.0,3.0,3.0,3.9426460859987684,2.697888479618458,3.0,3.9426460859987684,4.067646085998769,56.5,1.6409909829639995,4.5896307536129965,4.0
2005,8,3.0,1.0,1.0,1.0,1.5982096899203873,1.5982096899203873,1.5982096899203873,1.5982096899203873,42.625,0.6905637286910572,1.7085762541905476,2.0
2006,8,14.0,6.0,12.0,11.916610568939126,5.534429661743756,12.0,11.916610568939126,12.229110568939126,53.0,1.4012435674717258,13.586417959518279,12.0
2007,8,1.0,1.0,1.0,1.0,1.0000976454442845,1.0000976454442845,1.0000976454442845,1.0000976454442845,17.875,-1.0047929951471641,0.8996085345837255,2.0
2008,8,11.0,2.0,2.0,2.0,2.7093546761634872,2.7093546761634872,2.7093546761634872,2.7718546761634872,35.0,0.16825685922574654,2.754941426997473,3.0
2009,8,9.0,2.0,2.0,2.0,2.2220607488682727,2.2220607488682727,2.2220607488682727,2.2845607488682727,27.75,-0.3283627871511062,2.1490965427965265,3.0
2010,8,3.0,1.0,1.0,1.0,1.6925408562666178,1.6925408562666178,1.6925408562666178,1.6925408562666178,27.375,-0.3540500102395641,1.6326164455174101,2.0
2011,8,3.0,1.0,1.0,1.0,1.3125013941769201,1.3125013941769201,1.3125013941769201,1.3125013941769201,14.75,-1.21885318755098,1.1525267433811557,2.0
2012,8,10.0,2.0,2.0,2.2715523949578253,4.581405026826836,4.581405026826836,4.581405026826836,4.643905026826836,37.375,0.3309426054526466,4.733023238448029,5.0
2013,8,2.0,1.0,1.0,1.0,1.7217315005078988,1.7217315005078988,1.7217315005078988,1.7217315005078988,39.25,0.4593787208949361,1.8008241819506825,2.0
2014,8,1.0,1.0,1.0,1.0,1.3905941451235693,1.3905941451235693,1.3905941451235693,1.3905941451235693,13.75,-1.287352449120201,1.2115756672778653,2.0
2015,8,1.0,1.0,1.0,1.0,1.403612110193143,1.403612110193143,1.403612110193143,1.403612110193143,9.375,-1.5870367184855434,1.1808537144543934,2.0
2016,8,4.0,2.0,2.0,2.0,1.434342439070711,2.0,2.0,2.0625,11.875,-1.4157885645624906,1.716842287087502,2.0
2017,8,4.0,2.0,2.0,2.0,1.7197562867334362,2.0,2.0,2.0625,24.625,-0.542422979554922,1.8915154040890156,2.0
2018,8,3.0,1.0,1.0,1.0,1.4900860688524236,1.4900860688524236,1.4900860688524236,1.4900860688524236,32.25,-0.02011611008961139,1.4870885953120203,2.0
2019,8,6.0,3.0,3.4285714285714284,3.2063369378034388,2.4181359427616727,3.4285714285714284,3.2063369378034388,3.3313369378034388,54.5,1.5039924598255574,3.688567595615093,4.0
2020,8,4.0,1.0,1.0,1.0,2.0878014187123988,2.0878014187123988,2.0878014187123988,2.0878014187123988,31.5,-0.07149055626652719,2.0728756102326193,3.0
2021,8,2.0,1.0,1.0,1.0,1.415142325671809,1.415142325671809,1.415142325671809,1.415142325671809,41.125,0.5878148363372255,1.4983264911276746,2.0
2022,8,3.0,1.0,1.0,1.0,1.0013417253401569,1.0013417253401569,1.0013417253401569,1.0013417253401569,16.5,-1.0989794798048431,0.8912963244980359,2.0
2023,8,2.0,1.0,1.0,1.0,1.5991966561590067,1.5991966561590067,1.5991966561590067,1.5991966561590067,18.125,-0.987668179754859,1.4412490911131444,2.0
2024,8,5.0,2.0,2.2857142857142856,2.1375579585356257,2.1576873252785473,2.2857142857142856,2.1576873252785473,2.2201873252785473,15.125,-1.193165964462522,1.9002394174310935,3.0
2025,8,2.0,1.0,1.0,1.0,1.3017303211532585,1.3017303211532585,1.3017303211532585,1.3017303211532585,27.0,-0.379737233328022,1.252298774083865,2.0
2026,8,7.0,4.0,5.333333333333333,5.320921844268105,4.454822592538549,5.333333333333333,5.320921844268105,5.508421844268105,28.5,-0.2769883409741904,5.17353851285839,6.0
2027,8,4.0,3.0,3.4285714285714284,3.676009769735622,2.335034936620623,3.4285714285714284,3.676009769735622,3.801009769735622,35.125,0.17681926692189917,3.7410087050038614,4.0
2028,8,1.0,1.0,1.0,1.0,1.3696423155339221,1.3696423155339221,1.3696423155339221,1.3696423155339221,18.375,-0.9705433643625537,1.236712589444761,2.0
2029,8,1.0,1.0,1.0,1.0,1.1547202801924268,1.1547202801924268,1.1547202801924268,1.1547202801924268,22.125,-0.7136711334779747,1.0723112270709334,2.0
2030,8,2.0,2.0,2.2857142857142856,2.1375579585356257,2.152557642382879,2.2857142857142856,2.152557642382879,2.215057642382879,23.5,-0.6194846488202957,2.019210000867179,3.0
2031,8,9.0,2.0,2.0,2.0,2.908633017022651,2.908633017022651,2.908633017022651,2.971133017022651,46.0,0.9217487364871783,3.1767358978572027,3.0
2032,8,23.0,4.0,5.333333333333333,5.320921844268105,3.830844079284099,5.333333333333333,5.320921844268105,5.508421844268105,57.75,1.7266150599255259,6.239640223168107,6.0
2033,8,12.0,4.0,5.333333333333333,5.320921844268105,4.047958334266839,5.333333333333333,5.320921844268105,5.508421844268105,51.375,1.2899322674217415,6.007284722203168,6.0
2034,8,4.0,1.0,1.0,1.0,1.000000000000001,1.000000000000001,1.000000000000001,1.000000000000001,23.5,-0.6194846488202957,0.9380515351179715,2.0
2035,8,4.0,3.0,4.0,3.443153522546566,3.146499770620715,4.0,3.443153522546566,3.568153522546566,25.875,-0.4567989025933957,3.2858706474905803,4.0
2036,8,8.0,2.0,2.0,2.2715523949578253,2.091539978421178,2.091539978421178,2.2715523949578253,2.3340523949578253,41.375,0.6049396517295309,2.408967606426942,3.0
2037,8,9.0,3.0,3.4285714285714284,3.676009769735622,5.52075528651382,5.52075528651382,5.52075528651382,5.64575528651382,47.0,0.9902479980563994,6.0674469735367795,6.0
2038,8,9.0,4.0,4.571428571428571,5.74252713155054,4.1847728919528056,4.571428571428571,5.74252713155054,5.93002713155054,57.375,1.700927836837068,6.719289556735183,6.0
2039,8,1.0,1.0,1.0,1.0,1.3526171422073583,1.3526171422073583,1.3526171422073583,1.3526171422073583,15.375,-1.176041149070217,1.1935438003899967,2.0
2040,8,9.0,2.0,2.0,2.0,2.4434699756203644,2.4434699756203644,2.4434699756203644,2.5059699756203644,35.625,0.21106889770650972,2.495044027053679,3.0
2041,8,2.0,1.0,1.0,1.0,1.0034165466834801,1.0034165466834801,1.0034165466834801,1.0034165466834801,14.0,-1.270227633727896,0.8759598041097627,2.0
2042,8,1.0,1.0,1.0,1.0,1.0001511266259586,1.0001511266259586,1.0001511266259586,1.0001511266259586,26.125,-0.4396740872010904,0.9561770732597176,2.0
2043,8,5.0,2.0,2.2857142857142856,2.1375579585356257,1.9623258543995128,2.2857142857142856,2.1375579585356257,2.2000579585356257,12.5,-1.3729765260817275,1.8440762685147665,3.0
2044,8,2.0,1.0,1.0,1.0,1.3299809404317435,1.3299809404317435,1.3299809404317435,1.3299809404317435,22.125,-0.7136711334779747,1.235064039905541,2.0
2045,8,10.0,2.0,2.0,2.2715523949578253,3.2478328400235803,3.2478328400235803,3.2478328400235803,3.3103328400235803,26.0,-0.44823649489724304,3.1022531192011478,4.0
2046,8,3.0,2.0,2.0,2.0,1.5621462738390335,2.0,2.0,2.0625,35.0,0.16825685922574654,2.033651371845149,2.0
2047,8,24.0,5.0,8.0,7.273821453226307,6.203262568774235,8.0,7.273821453226307,7.523821453226307,66.75,2.3431084140485154,8.978156678160424,8.0
2048,8,6.0,3.0,3.0,3.407328592436738,3.3825465234700394,3.3825465234700394,3.407328592436738,3.532328592436738,48.125,1.067309667321773,3.7709960670816995,4.0
2049,8,2.0,1.0,1.0,1.0,1.488321213661381,1.488321213661381,1.488321213661381,1.488321213661381,16.5,-1.0989794798048431,1.3247577663441712,2.0
2050,8,5.0,1.0,1.0,1.0,1.575847577365507,1.575847577365507,1.575847577365507,1.575847577365507,41.75,0.6306268748179887,1.6752247606558577,2.0
2051,8,6.0,4.0,4.571428571428571,5.74252713155054,3.310699309389472,4.571428571428571,5.74252713155054,5.93002713155054,30.25,-0.15711463322805352,5.652303627142969,6.0
2052,8,7.0,2.0,2.2857142857142856,2.1375579585356257,2.762625192789698,2.762625192789698,2.762625192789698,2.825125192789698,45.125,0.8618118826141099,3.0007115146252237,3.0
2053,8,4.0,2.0,2.0,2.0,2.2207141954904466,2.2207141954904466,2.2207141954904466,2.2832141954904466,30.625,-0.13142741013959564,2.191527923953092,3.0
2054,8,2.0,1.0,1.0,1.0,1.0000000000000007,1.0000000000000007,1.0000000000000007,1.0000000000000007,14.625,-1.2274155952471326,0.8772584404752873,2.0
2055,8,1.0,1.0,1.0,1.0,1.4627040205607584,1.4627040205607584,1.4627040205607584,1.4627040205607584,10.125,-1.5356622723086275,1.2380820825678285,2.0
2056,8,7.0,4.0,5.333333333333333,4.590871363395421,4.282259264444508,5.333333333333333,4.590871363395421,4.778371363395421,29.875,-0.1828018563165114,4.506949382661522,5.0
2057,8,1.0,1.0,1.0,1.0,1.0901268673678135,1.0901268673678135,1.0901268673678135,1.0901268673678135,19.75,-0.8763568797048747,0.9945928493709228,2.0
2058,8,4.0,2.0,2.0,2.0,1.9629642319538165,2.0,2.0,2.0625,29.0,-0.24273871018957985,1.951452257962084,2.0
2059,8,1.0,1.0,1.0,1.0,1.0,1.0,1.0,1.0,11.875,-1.4157885645624906,0.858421143543751,1.0
2060,8,5.0,2.0,2.0,2.0,1.8926094936307047,2.0,2.0,2.0625,28.75,-0.25986352558188514,1.948027294883623,2.0
2061,8,9.0,4.0,5.333333333333333,5.320921844268105,3.018169874706341,5.333333333333333,5.320921844268105,5.508421844268105,29.125,-0.23417630249342722,5.196318463933384,6.0
2062,8,11.0,4.0,4.571428571428571,5.74252713155054,3.806186719336057,4.571428571428571,5.74252713155054,5.93002713155054,35.375,0.19394408231420446,5.853900047019839,6.0
2063,8,8.0,3.0,4.0,3.443153522546566,2.0920576715787855,4.0,3.443153522546566,3.568153522546566,34.0,0.09975759765652548,3.477501594923751,4.0
2064,8,1.0,1.0,1.0,1.0,1.000742499414595,1.000742499414595,1.000742499414595,1.000742499414595,19.125,-0.919168918185638,0.9087573593576646,2.0
2065,8,7.0,3.0,3.4285714285714284,3.676009769735622,3.4177511783831993,3.4285714285714284,3.676009769735622,3.801009769735622,38.0,0.37375464393340974,3.8134023419939496,4.0
2066,8,2.0,1.0,1.0,1.0,1.588314642325865,1.588314642325865,1.588314642325865,1.588314642325865,15.5,-1.1674787413740644,1.402882284373005,2.0
2067,8,6.0,1.0,1.0,1.0,1.2927472539284284,1.2927472539284284,1.2927472539284284,1.2927472539284284,20.375,-0.8335448412241115,1.1849909734765605,2.0
2068,8,3.0,2.0,2.0,2.2715523949578253,1.6580911393169768,2.0,2.2715523949578253,2.3340523949578253,20.125,-0.8506696566164168,2.078318325377328,3.0
2069,8,18.0,4.0,5.333333333333333,5.320921844268105,4.103573249498853,5.333333333333333,5.320921844268105,5.508421844268105,61.25,1.9663624754177995,6.3672079491880735,6.0
2070,8,7.0,3.0,3.0,3.407328592436738,3.279472965642945,3.279472965642945,3.407328592436738,3.532328592436738,32.0,-0.03724092548191666,3.3946393854164043,4.0
2071,8,10.0,3.0,3.4285714285714284,3.676009769735622,4.766490792120225,4.766490792120225,4.766490792120225,4.891490792120225,68.625,2.4715445294908047,5.944550216333528,5.0
2072,8,2.0,1.0,1.0,1.0,1.6086438102937488,1.6086438102937488,1.6086438102937488,1.6086438102937488,16.625,-1.0904170721086905,1.4332345429251212,2.0
2073,8,2.0,1.0,1.0,1.0,1.3583065495668625,1.3583065495668625,1.3583065495668625,1.3583065495668625,18.5,-0.961980956666401,1.2276400461670056,2.0
2074,8,4.0,1.0,1.0,1.0,1.1551143167939044,1.1551143167939044,1.1551143167939044,1.1551143167939044,25.25,-0.4996109410741589,1.0974035417077408,2.0
2075,8,19.0,4.0,5.333333333333333,4.590871363395421,5.701904947916658,5.701904947916658,5.701904947916658,5.889404947916658,64.125,2.1632978524293103,6.9353968207750745,6.0
2076,8,5.0,1.0,1.0,1.0,1.3054644571192682,1.3054644571192682,1.3054644571192682,1.3054644571192682,44.625,0.8275622518294993,1.4134997677009677,2.0
2077,8,5.0,3.0,4.0,3.443153522546566,3.128308958426805,4.0,3.443153522546566,3.568153522546566,35.875,0.22819371309881498,3.5217241212544823,4.0
2078,8,13.0,5.0,8.0,7.273821453226307,4.124421640531326,8.0,7.273821453226307,7.523821453226307,45.5,0.8874991057025677,7.919372456704156,8.0
2079,8,11.0,5.0,8.0,7.273821453226307,4.608101639990596,8.0,7.273821453226307,7.523821453226307,40.0,0.5107531670718519,7.6453341876213585,8.0
2080,8,4.0,2.0,2.2857142857142856,2.1375579585356257,1.2740089683039728,2.2857142857142856,2.1375579585356257,2.2000579585356257,27.5,-0.3454876025434115,2.0637079810964196,3.0
2081,8,3.0,3.0,4.0,3.443153522546566,3.703567609863139,4.0,3.703567609863139,3.828567609863139,29.625,-0.1999266717088167,3.6295234152942877,4.0
2082,8,13.0,3.0,3.0,3.407328592436738,3.8903876645155346,3.8903876645155346,3.8903876645155346,4.015387664515535,59.875,1.8721759907601205,4.618736702541067,4.0
2083,8,9.0,4.0,4.0,7.665469823480081,6.8017214201712966,6.8017214201712966,7.665469823480081,7.852969823480081,52.625,1.375556344383268,8.719898388316734,8.0
2084,8,10.0,3.0,3.0,3.407328592436738,2.995528031711576,3.0,3.407328592436738,3.532328592436738,47.875,1.0501848519294679,3.76516107976906,4.0
2085,8,7.0,3.0,3.0,3.407328592436738,1.8954574619195517,3.0,3.407328592436738,3.532328592436738,63.625,2.1290482216446995,4.132765280465396,4.0
2086,8,3.0,1.0,1.0,1.0,1.5770932065102277,1.5770932065102277,1.5770932065102277,1.5770932065102277,33.75,0.0826327822642202,1.5901251664646217,2.0
2087,8,1.0,1.0,1.0,1.0,1.2960207555122838,1.2960207555122838,1.2960207555122838,1.2960207555122838,21.5,-0.7564831719587378,1.1979789663068547,2.0
2088,8,4.0,1.0,1.0,1.0,1.0209895311696704,1.0209895311696704,1.0209895311696704,1.0209895311696704,19.0,-0.9277313258817905,0.9262691340233238,2.0
2089,8,3.0,1.0,1.0,1.0,1.790769004918218,1.790769004918218,1.790769004918218,1.790769004918218,29.875,-0.1828018563165114,1.758033415084906,2.0
2090,8,2.0,1.0,1.0,1.0,1.001036422269809,1.001036422269809,1.001036422269809,1.001036422269809,25.125,-0.5081733487703115,0.9501664191752189,2.0
2091,8,2.0,2.0,2.0,2.0,1.6649418138288858,2.0,2.0,2.0625,25.0,-0.5167357564664641,1.8966528487067071,2.0
2092,8,2.0,1.0,1.0,1.0,1.290354987229394,1.290354987229394,1.290354987229394,1.290354987229394,21.0,-0.7907328027433485,1.1883223856708185,2.0
2093,8,3.0,1.0,1.0,1.0,1.5774458024746907,1.5774458024746907,1.5774458024746907,1.5774458024746907,36.625,0.27956815927573075,1.6215461644101985,2.0
2094,8,8.0,3.0,3.4285714285714284,3.2063369378034388,3.6167183422503655,3.6167183422503655,3.6167183422503655,3.7417183422503655,24.625,-0.542422979554922,3.4205392283089275,4.0
2095,8,9.0,3.0,3.0,3.9426460859987684,3.91206537506877,3.91206537506877,3.9426460859987684,4.067646085998769,51.875,1.324181898206352,4.4647241438101375,4.0
2096,8,2.0,2.0,2.0,2.2715523949578253,1.9638686670317553,2.0,2.2715523949578253,2.3340523949578253,15.875,-1.1417915182856064,2.0121884691674055,3.0
2097,8,2.0,1.0,1.0,1.0,1.0437082823400665,1.0437082823400665,1.0437082823400665,1.0437082823400665,22.5,-0.6879839103895168,0.971902831801042,2.0
2098,8,3.0,2.0,2.0,2.0,1.8371508333370865,2.0,2.0,2.0625,27.625,-0.3369251948472588,1.9326149610305483,2.0
2099,8,2.0,2.0,2.0,2.2715523949578253,1.5380934193206515,2.0,2.2715523949578253,2.3340523949578253,21.5,-0.7564831719587378,2.099713278857009,3.0
2100,8,6.0,1.0,1.0,1.0,3.2564598885185965,3.2564598885185965,3.2564598885185965,3.2564598885185965,33.75,0.0826327822642202,3.283368922610609,4.0
2101,8,5.0,1.0,1.0,1.0,1.613599953390901,1.613599953390901,1.613599953390901,1.613599953390901,13.75,-1.287352449120201,1.405872768201099,2.0
2102,8,2.0,1.0,1.0,1.0,1.2550049936738326,1.2550049936738326,1.2550049936738326,1.2550049936738326,12.5,-1.3729765260817275,1.0826957540308806,2.0
2103,8,2.0,1.0,1.0,1.0,1.3711719309187895,1.3711719309187895,1.3711719309187895,1.3711719309187895,14.5,-1.2359780029432854,1.2016980964319002,2.0
2104,8,5.0,2.0,2.0,2.2715523949578253,1.9664367069851472,2.0,2.2715523949578253,2.3340523949578253,17.75,-1.013355402843317,2.0413634057306065,3.0
2105,8,3.0,2.0,2.0,2.0,2.0496029973564243,2.0496029973564243,2.0496029973564243,2.1121029973564243,41.5,0.6135020594256835,2.175346563344746,3.0
2106,8,4.0,3.0,3.0,3.407328592436738,1.9482271059275722,3.0,3.407328592436738,3.532328592436738,24.25,-0.56811020264338,3.213754778724556,4.0
2107,8,2.0,2.0,2.0,2.2715523949578253,1.1319471908634946,2.0,2.2715523949578253,2.3340523949578253,19.75,-0.8763568797048747,2.072483338064688,3.0
2108,8,6.0,2.0,2.0,2.0,2.212982894353049,2.212982894353049,2.212982894353049,2.275482894353049,28.75,-0.25986352558188514,2.1554755406551505,3.0
2109,8,9.0,2.0,2.0,2.0,1.4699746465261478,2.0,2.0,2.0625,37.375,0.3309426054526466,2.0661885210905293,2.0
2110,8,7.0,2.0,2.0,2.2715523949578253,2.7001253971566226,2.7001253971566226,2.7001253971566226,2.7626253971566226,49.5,1.161496151979452,3.013743923022563,3.0
2111,8,2.0,1.0,1.0,1.0,1.3181881101002708,1.3181881101002708,1.3181881101002708,1.3181881101002708,18.0,-0.9962305874510116,1.1868661785706578,2.0
2112,8,13.0,3.0,3.4285714285714284,3.2063369378034388,4.7744825108809295,4.7744825108809295,4.7744825108809295,4.8994825108809295,62.25,2.0348617369870206,5.746023688411462,5.0
2113,8,1.0,1.0,1.0,1.0,1.6720232776088502,1.6720232776088502,1.6720232776088502,1.6720232776088502,25.875,-0.4567989025933957,1.5956454377766165,2.0
2114,8,16.0,4.0,4.571428571428571,5.74252713155054,2.887346738275921,4.571428571428571,5.74252713155054,5.93002713155054,30.625,-0.13142741013959564,5.667054584694935,6.0
2115,8,4.0,2.0,2.2857142857142856,2.1375579585356257,1.6091614741426934,2.2857142857142856,2.1375579585356257,2.2000579585356257,37.0,0.3052553823641887,2.2028080657314666,3.0
2116,8,3.0,1.0,1.0,1.0,1.431507945899835,1.431507945899835,1.431507945899835,1.431507945899835,23.125,-0.6451718719087536,1.3391510797889898,2.0
2117,8,2.0,1.0,1.0,1.0,1.0385920295517672,1.0385920295517672,1.0385920295517672,1.0385920295517672,23.0,-0.6537342796049063,0.970695708327525,2.0
2118,8,8.0,2.0,2.0,2.2715523949578253,1.9300162933602913,2.0,2.2715523949578253,2.3340523949578253,23.625,-0.6109222411241431,2.1327782069619703,3.0
2119,8,5.0,2.0,2.0,2.0,2.0068604094102476,2.0068604094102476,2.0068604094102476,2.0693604094102476,27.0,-0.379737233328022,1.9306524474557485,3.0
2120,8,3.0,1.0,1.0,1.0,1.6039131333287848,1.6039131333287848,1.6039131333287848,1.6039131333287848,28.75,-0.25986352558188514,1.5622332811733943,2.0
2121,8,2.0,2.0,2.0,2.0,1.328882114217426,2.0,2.0,2.0625,15.875,-1.1417915182856064,1.7716416963428787,2.0
2122,8,4.0,1.0,1.0,1.0,1.4210626760358953,1.4210626760358953,1.4210626760358953,1.4210626760358953,40.125,0.5193155747680045,1.4948606740745893,2.0
2123,8,6.0,1.0,1.0,1.0,1.5171709761482748,1.5171709761482748,1.5171709761482748,1.5171709761482748,17.75,-1.013355402843317,1.3634276355765824,2.0
2124,8,16.0,4.0,4.571428571428571,5.74252713155054,3.483938077833745,4.571428571428571,5.74252713155054,5.93002713155054,52.125,1.3413067135986574,6.5127761510076585,6.0
2125,8,1.0,1.0,1.0,1.0,1.1538650900607055,1.1538650900607055,1.1538650900607055,1.1538650900607055,12.375,-1.38153893377788,0.994454135436107,2.0
2126,8,7.0,4.0,4.571428571428571,5.74252713155054,2.8117992399261578,4.571428571428571,5.74252713155054,5.93002713155054,41.875,0.6391892825141414,6.109583311253918,6.0
2127,8,7.0,2.0,2.2857142857142856,2.1375579585356257,1.8031898228734655,2.2857142857142856,2.1375579585356257,2.2000579585356257,27.625,-0.3369251948472588,2.065538245367933,3.0
2128,8,15.0,4.0,5.333333333333333,4.590871363395421,4.185244780369928,5.333333333333333,4.590871363395421,4.778371363395421,57.375,1.700927836837068,5.371745453129162,5.0
2129,8,5.0,2.0,2.0,2.0,2.0216698423949864,2.0216698423949864,2.0216698423949864,2.0841698423949864,18.875,-0.9362937335779432,1.832382161915193,3.0
2130,8,7.0,2.0,2.0,2.0,1.7384469292460012,2.0,2.0,2.0625,22.125,-0.7136711334779747,1.8572657733044051,2.0
2131,8,1.0,1.0,1.0,1.0,1.0018491683744686,1.0018491683744686,1.0018491683744686,1.0018491683744686,13.625,-1.2959148568163539,0.8720180462159103,2.0
2132,8,9.0,3.0,3.4285714285714284,3.2063369378034388,2.704918525604075,3.4285714285714284,3.2063369378034388,3.3313369378034388,54.0,1.4697428290409469,3.67758600998601,4.0
2133,8,9.0,3.0,3.0,3.407328592436738,3.178986563774896,3.178986563774896,3.407328592436738,3.532328592436738,36.75,0.28813056697188344,3.505504144356568,4.0
2134,8,17.0,4.0,4.571428571428571,5.74252713155054,5.211666816134867,5.211666816134867,5.74252713155054,5.93002713155054,53.875,1.461180421344794,6.581613952916833,6.0
2135,8,9.0,3.0,3.4285714285714284,3.2063369378034388,2.6134289672828683,3.4285714285714284,3.2063369378034388,3.3313369378034388,27.75,-0.3283627871511062,3.1010527644591708,4.0
2136,8,15.0,3.0,3.4285714285714284,3.676009769735622,3.244302153276781,3.4285714285714284,3.676009769735622,3.801009769735622,55.25,1.555366906002473,4.247764163934478,4.0
2137,8,30.0,5.0,8.0,7.273821453226307,5.462556326291726,8.0,7.273821453226307,7.523821453226307,73.125,2.7797912065522996,9.295791944597303,8.0
2138,8,2.0,1.0,1.0,1.0,1.150613861010185,1.150613861010185,1.150613861010185,1.150613861010185,31.0,-0.10574018705113773,1.1384472485215003,2.0
2139,8,1.0,1.0,1.0,1.0,1.306654376567248,1.306654376567248,1.306654376567248,1.306654376567248,27.5,-0.3454876025434115,1.2615110877759406,2.0
2140,8,9.0,1.0,1.0,1.0,1.6273314163872192,1.6273314163872192,1.6273314163872192,1.6273314163872192,65.0,2.2232347063023785,1.9891253847440467,2.0
2141,8,8.0,2.0,2.2857142857142856,2.1375579585356257,3.118379323750629,3.118379323750629,3.118379323750629,3.180879323750629,34.875,0.1596944515295939,3.168178111327387,4.0
2142,8,5.0,1.0,1.0,1.0,1.4357521174829082,1.4357521174829082,1.4357521174829082,1.4357521174829082,19.25,-0.9106065104894853,1.305011594920008,2.0
2143,8,4.0,2.0,2.2857142857142856,2.1375579585356257,2.4327233640765424,2.4327233640765424,2.4327233640765424,2.4952233640765424,23.5,-0.6194846488202957,2.282019886189354,3.0
2144,8,2.0,1.0,1.0,1.0,1.0000000000000004,1.0000000000000004,1.0000000000000004,1.0000000000000004,17.375,-1.0390426259317749,0.8960957374068229,2.0
2145,8,3.0,1.0,1.0,1.0,1.116531255526354,1.116531255526354,1.116531255526354,1.116531255526354,14.875,-1.2102907798548275,0.9813985071280259,2.0
2146,8,4.0,1.0,1.0,1.0,1.154572374482226,1.154572374482226,1.154572374482226,1.154572374482226,16.625,-1.0904170721086905,1.0286758316701774,2.0
2147,8,4.0,1.0,1.0,1.0,1.7508179158855703,1.7508179158855703,1.7508179158855703,1.7508179158855703,23.625,-0.6109222411241431,1.643856555388259,2.0
2148,8,5.0,2.0,2.0,2.0,2.516213401646359,2.516213401646359,2.516213401646359,2.578713401646359,19.375,-0.9020441027933326,2.289239855613894,3.0
2149,8,1.0,1.0,1.0,1.0,1.1533779999842055,1.1533779999842055,1.1533779999842055,1.1533779999842055,18.25,-0.9791057720587063,1.0404500942691994,2.0
2150,8,1.0,1.0,1.0,1.0,1.6931117845650785,1.6931117845650785,1.6931117845650785,1.6931117845650785,21.0,-0.7907328027433485,1.5592318818883848,2.0
2151,8,4.0,2.0,2.0,2.0,1.8149831769101876,2.0,2.0,2.0625,20.875,-0.799295210439501,1.8401409579120998,2.0
2152,8,3.0,1.0,1.0,1.0,1.4315071350090953,1.4315071350090953,1.4315071350090953,1.4315071350090953,16.0,-1.1332291105894536,1.269284579268214,2.0
2153,8,1.0,1.0,1.0,1.0,1.0000000000000027,1.0000000000000027,1.0000000000000027,1.0000000000000027,20.0,-0.8592320643125695,0.9140767935687455,2.0
2154,8,4.0,1.0,1.0,1.0,1.2797522121556155,1.2797522121556155,1.2797522121556155,1.2797522121556155,28.5,-0.2769883409741904,1.2443045679453122,2.0
2155,8,2.0,1.0,1.0,1.0,1.1526433196915702,1.1526433196915702,1.1526433196915702,1.1526433196915702,26.25,-0.4311116795049378,1.1029515199493323,2.0
2156,8,8.0,2.0,2.0,2.2715523949578253,1.9953884857684745,2.0,2.2715523949578253,2.3340523949578253,27.25,-0.36261241793571675,2.189183084317493,3.0
2157,8,6.0,2.0,2.0,2.2715523949578253,2.118252161029771,2.118252161029771,2.2715523949578253,2.3340523949578253,43.375,0.741938174867973,2.4400875387610235,3.0
2158,8,2.0,1.0,1.0,1.0,1.4791099113809822,1.4791099113809822,1.4791099113809822,1.4791099113809822,36.625,0.27956815927573075,1.5204611149101095,2.0
2159,8,8.0,3.0,3.4285714285714284,3.2063369378034388,2.104913792542238,3.4285714285714284,3.2063369378034388,3.3313369378034388,45.0,0.8532494749179572,3.479917468662522,4.0
2160,8,1.0,1.0,1.0,1.0,1.0000256011439577,1.0000256011439577,1.0000256011439577,1.0000256011439577,19.125,-0.919168918185638,0.9081063561478143,2.0
2161,8,17.0,1.0,1.0,1.0,1.4498026404451085,1.4498026404451085,1.4498026404451085,1.4498026404451085,29.25,-0.2256138947972746,1.4170930784052893,2.0
2162,8,1.0,1.0,1.0,1.0,1.403847467848474,1.403847467848474,1.403847467848474,1.403847467848474,28.75,-0.25986352558188514,1.3673665926110434,2.0
2163,8,5.0,1.0,1.0,1.0,1.8168146469566033,1.8168146469566033,1.8168146469566033,1.8168146469566033,29.0,-0.24273871018957985,1.772713522551025,2.0
2164,8,1.0,1.0,1.0,1.0,1.000000000000002,1.000000000000002,1.000000000000002,1.000000000000002,32.0,-0.03724092548191666,0.9962759074518104,2.0
2165,8,3.0,1.0,1.0,1.0,1.024946006584205,1.024946006584205,1.024946006584205,1.024946006584205,19.125,-0.919168918185638,0.9307361553771357,2.0
2166,8,9.0,3.0,3.4285714285714284,3.2063369378034388,3.3568165271874557,3.4285714285714284,3.3568165271874557,3.4818165271874557,38.5,0.40800427471802025,3.4937760764411143,4.0
2167,8,4.0,1.0,1.0,1.0,1.8287359789013427,1.8287359789013427,1.8287359789013427,1.8287359789013427,42.0,0.647751690210294,1.9471926610295147,2.0
2168,8,4.0,3.0,3.4285714285714284,3.2063369378034388,1.4091357731937206,3.4285714285714284,3.2063369378034388,3.3313369378034388,57.875,1.7351774676216785,3.7626932986114006,4.0
2169,8,1.0,1.0,1.0,1.0,1.0000000000000002,1.0000000000000002,1.0000000000000002,1.0000000000000002,18.5,-0.961980956666401,0.90380190433336,2.0
2170,8,1.0,1.0,1.0,1.0,1.5889546801198893,1.5889546801198893,1.5889546801198893,1.5889546801198893,48.75,1.1101217058025363,1.7653479881136507,2.0
2171,8,4.0,2.0,2.0,2.0,1.683404601384073,2.0,2.0,2.0625,31.0,-0.10574018705113773,1.9788519625897725,2.0
2172,8,6.0,1.0,1.0,1.0,1.2366433406812778,1.2366433406812778,1.2366433406812778,1.2366433406812778,33.25,0.04838315147960968,1.242626610889121,2.0
2173,8,4.0,2.0,2.0,2.0,1.7629521946251105,2.0,2.0,2.0625,24.75,-0.5338605718587695,1.893227885628246,2.0
2174,8,4.0,2.0,2.2857142857142856,2.1375579585356257,2.1968973568437704,2.2857142857142856,2.1968973568437704,2.2593973568437704,29.5,-0.20848907940496933,2.1510944460962134,3.0
2175,8,9.0,2.0,2.2857142857142856,2.1375579585356257,2.3474225213736064,2.3474225213736064,2.3474225213736064,2.4099225213736064,39.375,0.4679411285910887,2.457268075766777,3.0
2176,8,4.0,2.0,2.2857142857142856,2.1375579585356257,1.3532074170993917,2.2857142857142856,2.1375579585356257,2.2000579585356257,24.5,-0.5509853872510747,2.019781638580089,3.0
2177,8,2.0,2.0,2.0,2.0,2.5906679308902922,2.5906679308902922,2.5906679308902922,2.6531679308902922,15.25,-1.1846035567663695,2.283776486356971,3.0
2178,8,10.0,4.0,5.333333333333333,5.320921844268105,3.7103827627301755,5.333333333333333,5.320921844268105,5.508421844268105,42.875,0.7076885440833625,5.697477387583251,6.0
2179,8,4.0,3.0,3.4285714285714284,3.676009769735622,1.6227620752079717,3.4285714285714284,3.676009769735622,3.801009769735622,19.625,-0.8849192874010273,3.350712575144256,4.0
2180,8,2.0,2.0,2.2857142857142856,2.1375579585356257,1.8224088000444214,2.2857142857142856,2.1375579585356257,2.2000579585356257,19.5,-0.89348169509718,1.9465710677195378,3.0
2181,8,12.0,2.0,2.0,2.2715523949578253,2.8641013074389465,2.8641013074389465,2.8641013074389465,2.9266013074389465,51.875,1.324181898206352,3.243360418032926,3.0
2182,8,7.0,3.0,3.4285714285714284,3.2063369378034388,4.680677393621845,4.680677393621845,4.680677393621845,4.805677393621845,52.125,1.3413067135986574,5.30849979484729,5.0
2183,8,8.0,4.0,5.333333333333333,5.320921844268105,2.262881639180358,5.333333333333333,5.320921844268105,5.508421844268105,26.375,-0.42254927180878515,5.0960866792034105,6.0
2184,8,7.0,3.0,4.0,3.443153522546566,5.254851232828465,5.254851232828465,5.254851232828465,5.379851232828465,32.0,-0.03724092548191666,5.235281680510433,6.0
2185,8,2.0,1.0,1.0,1.0,1.620113928109564,1.620113928109564,1.620113928109564,1.620113928109564,16.375,-1.107541887500996,1.4406795243190522,2.0
2186,8,1.0,1.0,1.0,1.0,1.6532069524190867,1.6532069524190867,1.6532069524190867,1.6532069524190867,27.125,-0.3711748256318694,1.5918440721893319,2.0
2187,8,8.0,3.0,3.0,3.407328592436738,3.071883555544753,3.071883555544753,3.407328592436738,3.532328592436738,32.875,0.022695928391151775,3.415061841010645,4.0
2188,8,5.0,2.0,2.0,2.2715523949578253,1.7507975006654122,2.0,2.2715523949578253,2.3340523949578253,25.875,-0.4567989025933957,2.167788130837812,3.0
2189,8,7.0,3.0,4.0,3.443153522546566,2.9352768811729284,4.0,3.443153522546566,3.568153522546566,30.875,-0.11430259474729036,3.4037973843725315,4.0
2190,8,1.0,1.0,1.0,1.0,1.4286625734894727,1.4286625734894727,1.4286625734894727,1.4286625734894727,13.75,-1.287352449120201,1.2447433471946685,2.0
2191,8,3.0,2.0,2.0,2.2715523949578253,1.653302850055323,2.0,2.2715523949578253,2.3340523949578253,25.125,-0.5081733487703115,2.1561181562125316,3.0
2192,8,5.0,3.0,3.4285714285714284,3.2063369378034388,1.743586434923496,3.4285714285714284,3.2063369378034388,3.3313369378034388,26.5,-0.4139868641126325,3.0735988003864643,4.0
2193,8,3.0,1.0,1.0,1.0,2.0980787236936425,2.0980787236936425,2.0980787236936425,2.0980787236936425,42.875,0.7076885440833625,2.2465573514279455,3.0
2194,8,14.0,2.0,2.2857142857142856,2.1375579585356257,2.2939806218957677,2.2939806218957677,2.2939806218957677,2.3564806218957677,28.5,-0.2769883409741904,2.2304400332271825,3.0
2195,8,7.0,2.0,2.0,2.2715523949578253,1.729842799864923,2.0,2.2715523949578253,2.3340523949578253,19.375,-0.9020441027933326,2.0666483507520477,3.0
2196,8,10.0,3.0,3.0,3.407328592436738,2.6315866899538167,3.0,3.407328592436738,3.532328592436738,37.875,0.3651922362372571,3.53176158726345,4.0
2197,8,1.0,1.0,1.0,1.0,1.491019970765279,1.491019970765279,1.491019970765279,1.491019970765279,15.25,-1.1846035567663695,1.3143932147074553,2.0
2198,8,2.0,2.0,2.2857142857142856,2.1375579585356257,1.6944031152935763,2.2857142857142856,2.1375579585356257,2.2000579585356257,10.0,-1.54422468000478,1.807470983084491,3.0
2199,8,4.0,2.0,2.0,2.0,2.034660874830226,2.034660874830226,2.034660874830226,2.097160874830226,30.75,-0.12286500244344299,2.009662013494467,3.0
2200,8,5.0,2.0,2.2857142857142856,2.1375579585356257,1.5012491402543469,2.2857142857142856,2.1375579585356257,2.2000579585356257,45.75,0.904623921094873,2.330926564737431,3.0
2201,8,2.0,1.0,1.0,1.0,1.1546956894216986,1.1546956894216986,1.1546956894216986,1.1546956894216986,14.5,-1.2359780029432854,1.0119778421998336,2.0
2202,8,10.0,3.0,4.0,3.443153522546566,3.3798785582221593,4.0,3.443153522546566,3.568153522546566,51.125,1.2728074520294363,3.8814006687444333,4.0
2203,8,6.0,2.0,2.0,2.0,3.8498495434910853,3.8498495434910853,3.8498495434910853,3.9123495434910853,62.625,2.0605489600754785,4.643129890819846,4.0
2204,8,2.0,1.0,1.0,1.0,1.3326371485884811,1.3326371485884811,1.3326371485884811,1.3326371485884811,21.0,-0.7907328027433485,1.227261157834154,2.0
2205,8,3.0,1.0,1.0,1.0,1.3518014783115402,1.3518014783115402,1.3518014783115402,1.3518014783115402,28.0,-0.3112379717588009,1.3097282832785169,2.0
2206,8,10.0,4.0,4.571428571428571,5.74252713155054,7.613937117956834,7.613937117956834,7.613937117956834,7.801437117956834,59.625,1.8550511753678154,9.02636141794108,8.0
2207,8,10.0,4.0,6.4,4.95698923699541,3.9538797663028378,6.4,4.95698923699541,5.14448923699541,36.75,0.28813056697188344,5.09981524892831,5.0
2208,8,14.0,2.0,2.2857142857142856,2.1375579585356257,3.027066221470906,3.027066221470906,3.027066221470906,3.089566221470906,73.75,2.8226032450330627,3.8814869154362817,4.0
2209,8,7.0,2.0,2.0,2.2715523949578253,3.1577626221245696,3.1577626221245696,3.1577626221245696,3.2202626221245696,31.625,-0.06292814857037456,3.1378914065810664,4.0
2210,8,3.0,1.0,1.0,1.0,2.0387050874438417,2.0387050874438417,2.0387050874438417,2.0387050874438417,48.0,1.0587472596256204,2.2545524298954396,3.0
2211,8,15.0,6.0,16.0,8.84648183982432,6.261199889126608,16.0,8.84648183982432,9.15898183982432,57.875,1.7351774676216785,10.381503435443072,9.0
2212,8,10.0,2.0,2.0,2.0,2.0350922872912496,2.0350922872912496,2.0350922872912496,2.0975922872912496,26.0,-0.44823649489724304,1.9438720239264653,3.0
2213,8,4.0,1.0,1.0,1.0,2.2666924379091444,2.2666924379091444,2.2666924379091444,2.2666924379091444,39.375,0.4679411285910887,2.3727602996655537,3.0
2214,8,6.0,3.0,3.4285714285714284,3.2063369378034388,3.5503099601920702,3.5503099601920702,3.5503099601920702,3.6753099601920702,31.5,-0.07149055626652719,3.524928596794798,4.0
2215,8,2.0,1.0,1.0,1.0,1.430873844483518,1.430873844483518,1.430873844483518,1.430873844483518,31.0,-0.10574018705113773,1.4157437576872913,2.0
2216,8,8.0,3.0,3.4285714285714284,3.676009769735622,3.3145162181690013,3.4285714285714284,3.676009769735622,3.801009769735622,40.375,0.5364403901603098,3.8732057812466305,4.0
2217,8,2.0,1.0,1.0,1.0,1.0,1.0,1.0,1.0,13.0,-1.338726895297117,0.8661273104702882,1.0
2218,8,6.0,1.0,1.0,1.0,1.8991640718360636,1.8991640718360636,1.8991640718360636,1.8991640718360636,32.0,-0.03724092548191666,1.8920914090683456,2.0
2219,8,10.0,4.0,5.333333333333333,5.320921844268105,4.254860296394545,5.333333333333333,5.320921844268105,5.508421844268105,31.75,-0.05436574087422193,5.291994258448359,6.0
2220,8,1.0,1.0,1.0,1.0,1.0867607275857096,1.0867607275857096,1.0867607275857096,1.0867607275857096,17.875,-1.0047929951471641,0.9775637709377939,2.0
2221,8,6.0,4.0,4.571428571428571,5.74252713155054,2.625140562165017,4.571428571428571,5.74252713155054,5.93002713155054,34.75,0.15113204383344128,5.829315117766563,6.0
2222,8,4.0,2.0,2.2857142857142856,2.1375579585356257,1.8526356003588083,2.2857142857142856,2.1375579585356257,2.2000579585356257,11.75,-1.4243509722586434,1.8330946828856838,3.0
2223,8,18.0,3.0,3.4285714285714284,3.2063369378034388,2.445330326024286,3.4285714285714284,3.2063369378034388,3.3313369378034388,50.0,1.1957457827640625,3.5897333249533485,4.0
2224,8,2.0,1.0,1.0,1.0,1.770673382442002,1.770673382442002,1.770673382442002,1.770673382442002,19.125,-0.919168918185638,1.6079185887020702,2.0
2225,8,3.0,2.0,2.0,2.0,2.431373082050274,2.431373082050274,2.431373082050274,2.493873082050274,31.125,-0.09717777935498509,2.407745538360561,3.0
2226,8,4.0,3.0,3.4285714285714284,3.2063369378034388,2.5803950300895435,3.4285714285714284,3.2063369378034388,3.3313369378034388,36.875,0.29669297466803607,3.301466702189929,4.0
2227,8,5.0,1.0,1.0,1.0,1.282125339392827,1.282125339392827,1.282125339392827,1.282125339392827,14.75,-1.21885318755098,1.125853083716944,2.0
2228,8,15.0,1.0,1.0,1.0,1.289473918672046,1.289473918672046,1.289473918672046,1.289473918672046,16.25,-1.1161042951971485,1.1455551807545892,2.0
2229,8,2.0,1.0,1.0,1.0,1.663307000159937,1.663307000159937,1.663307000159937,1.663307000159937,15.125,-1.193165964462522,1.4648468700556274,2.0
2230,8,3.0,2.0,2.2857142857142856,2.1375579585356257,2.2478296033662315,2.2857142857142856,2.2478296033662315,2.3103296033662315,22.25,-0.705108725781822,2.0893331766258094,3.0
2231,8,4.0,3.0,3.4285714285714284,3.676009769735622,2.5920486937713743,3.4285714285714284,3.676009769735622,3.801009769735622,41.625,0.6220644671218362,3.9046812755901477,4.0
2232,8,6.0,2.0,2.0,2.0,2.1702732463028385,2.1702732463028385,2.1702732463028385,2.2327732463028385,23.0,-0.6537342796049063,2.02839504458108,3.0
2233,8,6.0,1.0,1.0,1.0,1.5106306273441987,1.5106306273441987,1.5106306273441987,1.5106306273441987,38.875,0.4336914978064782,1.5761453932847234,2.0
2234,8,8.0,2.0,2.0,2.0,3.4298335668479556,3.4298335668479556,3.4298335668479556,3.4923335668479556,51.875,1.324181898206352,3.884005919156014,4.0
2235,8,2.0,2.0,2.2857142857142856,2.1375579585356257,1.9960552919117078,2.2857142857142856,2.1375579585356257,2.2000579585356257,23.625,-0.6109222411241431,2.0069697886794926,3.0
2236,8,2.0,1.0,1.0,1.0,1.4001864167493299,1.4001864167493299,1.4001864167493299,1.4001864167493299,8.75,-1.6298487569663065,1.1719772076633297,2.0
2237,8,9.0,3.0,3.4285714285714284,3.2063369378034388,2.7573569338245516,3.4285714285714284,3.2063369378034388,3.3313369378034388,46.75,0.973123182664094,3.5183530183643112,4.0
2238,8,2.0,1.0,1.0,1.0,1.5057597060029957,1.5057597060029957,1.5057597060029957,1.5057597060029957,20.125,-0.8506696566164168,1.3776692967977553,2.0
2239,8,5.0,2.0,2.0,2.2715523949578253,1.8093469173880423,2.0,2.2715523949578253,2.3340523949578253,28.125,-0.3026755640626483,2.202798054713653,3.0
2240,8,3.0,2.0,2.0,2.2715523949578253,1.5634415137860644,2.0,2.2715523949578253,2.3340523949578253,24.75,-0.5338605718587695,2.150283168899891,3.0
2241,8,2.0,2.0,2.0,2.0,1.3338052187398381,2.0,2.0,2.0625,17.875,-1.0047929951471641,1.799041400970567,2.0
2242,8,3.0,1.0,1.0,1.0,2.2963586092241375,2.2963586092241375,2.2963586092241375,2.2963586092241375,28.75,-0.25986352558188514,2.236684624804808,3.0
2243,8,1.0,1.0,1.0,1.0,1.6252255403902756,1.6252255403902756,1.6252255403902756,1.6252255403902756,14.125,-1.2616652260317431,1.4201764855133696,2.0
2244,8,5.0,1.0,1.0,1.0,1.5832996048820092,1.5832996048820092,1.5832996048820092,1.5832996048820092,42.875,0.7076885440833625,1.6953479041046804,2.0
2245,8,6.0,1.0,1.0,1.0,1.516751922208938,1.516751922208938,1.516751922208938,1.516751922208938,21.5,-0.7564831719587378,1.402012191690225,2.0
2246,8,4.0,1.0,1.0,1.0,1.3557191308798031,1.3557191308798031,1.3557191308798031,1.3557191308798031,13.625,-1.2959148568163539,1.180029474542074,2.0
2247,8,2.0,1.0,1.0,1.0,1.0000000000000002,1.0000000000000002,1.0000000000000002,1.0000000000000002,23.25,-0.636609464212601,0.9363390535787401,2.0
2248,8,7.0,1.0,1.0,1.0,1.1499906375985338,1.1499906375985338,1.1499906375985338,1.1499906375985338,14.875,-1.2102907798548275,1.0108083310380458,2.0
2249,8,16.0,3.0,3.0,3.9426460859987684,2.598460561438028,3.0,3.9426460859987684,4.067646085998769,34.5,0.13400722844113602,3.9954803934696668,4.0
2250,8,14.0,4.0,6.4,4.95698923699541,3.746630779788142,6.4,4.95698923699541,5.14448923699541,43.875,0.7761878056525835,5.341744696846105,5.0
2251,8,7.0,3.0,3.4285714285714284,3.676009769735622,2.861833254156242,3.4285714285714284,3.676009769735622,3.801009769735622,36.25,0.25388093618727287,3.7693366499130256,4.0
2252,8,4.0,2.0,2.0,2.0,2.1997565318241854,2.1997565318241854,2.1997565318241854,2.2622565318241854,25.625,-0.473923717985701,2.0955048524016404,3.0
2253,8,4.0,4.0,5.333333333333333,5.320921844268105,3.541189218560448,5.333333333333333,5.320921844268105,5.508421844268105,16.125,-1.124666702893301,4.72249548157351,6.0
2254,8,4.0,2.0,2.0,2.2715523949578253,2.115770922251264,2.115770922251264,2.2715523949578253,2.3340523949578253,31.125,-0.09717777935498509,2.2494779532147753,3.0
2255,8,6.0,4.0,4.571428571428571,5.74252713155054,2.6560484355643093,4.571428571428571,5.74252713155054,5.93002713155054,36.5,0.2710057515795781,5.898152919675738,6.0
2256,8,8.0,4.0,4.571428571428571,5.74252713155054,4.843878412874412,4.843878412874412,5.74252713155054,5.93002713155054,45.25,0.8703742903102625,6.242341929221613,6.0
2257,8,3.0,1.0,1.0,1.0,1.160377617803967,1.160377617803967,1.160377617803967,1.160377617803967,23.25,-0.636609464212601,1.0865068804485194,2.0
2258,8,9.0,5.0,8.0,7.273821453226307,3.7002792219546166,8.0,7.273821453226307,7.523821453226307,22.625,-0.6794215026933642,6.779622383018882,8.0
2259,8,8.0,2.0,2.0,2.0,2.9745753924059217,2.9745753924059217,2.9745753924059217,3.0370753924059217,58.25,1.7608646907101364,3.4983578702402056,3.0
2260,8,4.0,2.0,2.0,2.2715523949578253,2.3503477678698825,2.3503477678698825,2.3503477678698825,2.4128477678698825,22.75,-0.6708590949972115,2.192672550221692,3.0
2261,8,3.0,2.0,2.0,2.0,1.9299133878357881,2.0,2.0,2.0625,20.875,-0.799295210439501,1.8401409579120998,2.0
2262,8,15.0,4.0,6.4,4.95698923699541,4.405531918367684,6.4,4.95698923699541,5.14448923699541,33.625,0.07407037456806757,4.993705841946823,5.0
2263,8,2.0,1.0,1.0,1.0,1.8472220723187562,1.8472220723187562,1.8472220723187562,1.8472220723187562,44.25,0.8018750287410414,1.995346197551925,2.0
2264,8,6.0,3.0,3.4285714285714284,3.676009769735622,2.8683195911943757,3.4285714285714284,3.676009769735622,3.801009769735622,52.5,1.3669939366871153,4.178518076378741,4.0
2265,8,4.0,2.0,2.2857142857142856,2.1375579585356257,2.951458998145907,2.951458998145907,2.951458998145907,3.013958998145907,55.5,1.5724917213947784,3.415573482207964,3.0
2266,8,4.0,2.0,2.0,2.0,1.5471299241095753,2.0,2.0,2.0625,19.375,-0.9020441027933326,1.8195911794413335,2.0
2267,8,7.0,2.0,2.2857142857142856,2.1375579585356257,4.151170671943355,4.151170671943355,4.151170671943355,4.213670671943355,37.75,0.3566298285411045,4.299213800441357,5.0
2268,8,5.0,2.0,2.0,2.2715523949578253,2.226221868451146,2.226221868451146,2.2715523949578253,2.3340523949578253,22.125,-0.7136711334779747,2.1094382577114095,3.0
2269,8,5.0,2.0,2.0,2.0,1.4952228241621446,2.0,2.0,2.0625,22.375,-0.6965463180856695,1.8606907363828662,2.0
2270,8,2.0,1.0,1.0,1.0,2.079944674791008,2.079944674791008,2.079944674791008,2.079944674791008,25.0,-0.5167357564664641,1.9724664962973557,3.0
2271,8,4.0,2.0,2.2857142857142856,2.1375579585356257,2.514430553678427,2.514430553678427,2.514430553678427,2.576930553678427,19.375,-0.9020441027933326,2.2876178283955273,3.0
2272,8,1.0,1.0,1.0,1.0,2.4696231478211317,2.4696231478211317,2.4696231478211317,2.4696231478211317,30.5,-0.13998981783574826,2.435050938362489,3.0
2273,8,3.0,2.0,2.0,2.2715523949578253,1.9056681554640358,2.0,2.2715523949578253,2.3340523949578253,21.625,-0.7479207642625852,2.101658274627889,3.0
2274,8,6.0,2.0,2.0,2.0,2.580358990371003,2.580358990371003,2.580358990371003,2.642858990371003,33.375,0.05694555917576231,2.5950529889290914,3.0
2275,8,4.0,1.0,1.0,1.0,1.3927805925481982,1.3927805925481982,1.3927805925481982,1.3927805925481982,24.75,-0.5338605718587695,1.3184255281870405,2.0
2276,8,10.0,3.0,3.4285714285714284,3.2063369378034388,1.8285228195846916,3.4285714285714284,3.2063369378034388,3.3313369378034388,38.75,0.42512909011032557,3.342647648298989,4.0
2277,8,2.0,2.0,2.0,2.2715523949578253,1.9965410780359507,2.0,2.2715523949578253,2.3340523949578253,17.25,-1.0476050336279275,2.0335834226470864,3.0
2278,8,3.0,2.0,2.0,2.2715523949578253,1.9953004949602282,2.0,2.2715523949578253,2.3340523949578253,24.125,-0.5766726103395325,2.140558190045491,3.0
2279,8,1.0,1.0,1.0,1.0,1.4311912469912043,1.4311912469912043,1.4311912469912043,1.4311912469912043,11.75,-1.4243509722586434,1.227339382577206,2.0
2280,8,8.0,1.0,1.0,1.0,2.976696492976288,2.976696492976288,2.976696492976288,2.976696492976288,50.5,1.229995413548673,3.342828796365013,3.0
2281,8,1.0,1.0,1.0,1.0,1.3031140406645816,1.3031140406645816,1.3031140406645816,1.3031140406645816,34.125,0.1083200053526781,1.3172293726505753,2.0
2282,8,12.0,4.0,4.571428571428571,5.74252713155054,4.6265828771531154,4.6265828771531154,5.74252713155054,5.93002713155054,50.625,1.2385578212448258,6.453772320799794,6.0
2283,8,1.0,1.0,1.0,1.0,1.1531762670140615,1.1531762670140615,1.1531762670140615,1.1531762670140615,19.0,-0.9277313258817905,1.0461924922968246,2.0
2284,8,5.0,2.0,2.0,2.0,2.5577091498975664,2.5577091498975664,2.5577091498975664,2.6202091498975664,21.0,-0.7907328027433485,2.3554626974274857,3.0
2285,8,6.0,2.0,2.2857142857142856,2.1375579585356257,2.68083132092539,2.68083132092539,2.68083132092539,2.74333132092539,26.25,-0.4311116795049378,2.5652575516020315,3.0
2286,8,3.0,1.0,1.0,1.0,1.0064147903881193,1.0064147903881193,1.0064147903881193,1.0064147903881193,24.625,-0.542422979554922,0.9518245394610727,2.0
2287,8,2.0,1.0,1.0,1.0,1.0002910789946577,1.0002910789946577,1.0002910789946577,1.0002910789946577,17.375,-1.0390426259317749,0.896356572053184,2.0
2288,8,2.0,1.0,1.0,1.0,1.807898135105102,1.807898135105102,1.807898135105102,1.807898135105102,21.625,-0.7479207642625852,1.672681679613431,2.0
2289,8,13.0,4.0,5.333333333333333,5.320921844268105,3.582287465648704,5.333333333333333,5.320921844268105,5.508421844268105,42.75,0.6991261363872098,5.692921397368252,6.0
2290,8,7.0,3.0,3.0,3.9426460859987684,2.472951414452721,3.0,3.9426460859987684,4.067646085998769,40.375,0.5364403901603098,4.1541455464624875,4.0
2291,8,2.0,1.0,1.0,1.0,1.2585869821633717,1.2585869821633717,1.2585869821633717,1.2585869821633717,46.5,0.9559983672717888,1.3789076921651429,2.0
2292,8,9.0,4.0,4.571428571428571,5.74252713155054,4.513891654919558,4.571428571428571,5.74252713155054,5.93002713155054,39.25,0.4593787208949361,6.006326608390156,6.0
2293,8,3.0,1.0,1.0,1.0,1.367738013663555,1.367738013663555,1.367738013663555,1.367738013663555,25.125,-0.5081733487703115,1.298233212999169,2.0
2294,8,18.0,6.0,12.0,11.916610568939126,5.311096172969481,12.0,11.916610568939126,12.229110568939126,55.375,1.5639293136986259,13.780284227808602,12.0
2295,8,6.0,2.0,2.0,2.2715523949578253,2.3640739500273886,2.3640739500273886,2.3640739500273886,2.4265739500273886,32.875,0.022695928391151775,2.3694394353355097,3.0
2296,8,2.0,2.0,2.2857142857142856,2.1375579585356257,1.5195340933367967,2.2857142857142856,2.1375579585356257,2.2000579585356257,18.5,-0.961980956666401,1.9319289535474276,3.0
2297,8,32.0,7.0,28.0,14.160351404155936,7.303389731041593,28.0,14.160351404155936,14.535351404155936,58.125,1.7523022830139838,16.64167301353421,15.0
2298,8,7.0,2.0,2.0,2.2715523949578253,1.8622526791259109,2.0,2.2715523949578253,2.3340523949578253,25.75,-0.4653613102895483,2.165843135066932,3.0
2299,8,5.0,2.0,2.0,2.0,1.5291649133189382,2.0,2.0,2.0625,36.125,0.24531852849112024,2.049063705698224,2.0
2300,8,2.0,2.0,2.0,2.0,1.9194249079424193,2.0,2.0,2.0625,24.125,-0.5766726103395325,1.8846654779320935,2.0
2301,8,1.0,1.0,1.0,1.0,1.4318365770691792,1.4318365770691792,1.4318365770691792,1.4318365770691792,19.5,-0.89348169509718,1.3039045998709877,2.0
2302,8,1.0,1.0,1.0,1.0,1.3761848202337128,1.3761848202337128,1.3761848202337128,1.3761848202337128,14.75,-1.21885318755098,1.2084480947535994,2.0
2303,8,5.0,3.0,3.4285714285714284,3.676009769735622,2.3706030456744456,3.4285714285714284,3.676009769735622,3.801009769735622,27.5,-0.3454876025434115,3.54900818950841,4.0
2304,8,2.0,2.0,2.0,2.2715523949578253,1.4478216601806357,2.0,2.2715523949578253,2.3340523949578253,15.5,-1.1674787413740644,2.0063534818547653,3.0
2305,8,4.0,2.0,2.2857142857142856,2.1375579585356257,3.4724979445514688,3.4724979445514688,3.4724979445514688,3.5349979445514688,47.5,1.02449762884101,3.8282545355862947,4.0
2306,8,2.0,1.0,1.0,1.0,1.0006841848391876,1.0006841848391876,1.0006841848391876,1.0006841848391876,19.25,-0.9106065104894853,0.9095612314733449,2.0
2307,8,13.0,4.0,4.571428571428571,5.74252713155054,3.4663040734525357,4.571428571428571,5.74252713155054,5.93002713155054,34.875,0.1596944515295939,5.834232103617217,6.0
2308,8,2.0,1.0,1.0,1.0,1.3107086675101516,1.3107086675101516,1.3107086675101516,1.3107086675101516,20.25,-0.8421072489202642,1.2003329404968597,2.0
2309,8,2.0,2.0,2.0,2.0,1.9866298511261087,2.0,2.0,2.0625,25.375,-0.49104853337800625,1.9017902933243986,2.0
2310,8,2.0,1.0,1.0,1.0,1.6061692780904508,1.6061692780904508,1.6061692780904508,1.6061692780904508,21.75,-0.7393583565664326,1.4874158103088058,2.0
2311,8,6.0,1.0,1.0,1.0,2.682210930063605,2.682210930063605,2.682210930063605,2.682210930063605,32.5,-0.0029912946973061245,2.6814086017303893,3.0
2312,8,1.0,1.0,1.0,1.0,1.2970587173916284,1.2970587173916284,1.2970587173916284,1.2970587173916284,21.0,-0.7907328027433485,1.194496029899051,2.0
2313,8,2.0,1.0,1.0,1.0,1.0000000000000004,1.0000000000000004,1.0000000000000004,1.0000000000000004,12.25,-1.3901013414740326,0.8609898658525971,2.0
2314,8,7.0,3.0,3.0,3.9426460859987684,2.9103441269336434,3.0,3.9426460859987684,4.067646085998769,43.125,0.7248133594756677,4.228414341480404,4.0
2315,8,13.0,4.0,5.333333333333333,4.590871363395421,4.013603511523364,5.333333333333333,4.590871363395421,4.778371363395421,56.125,1.6153037598755415,5.332436540835179,5.0
2316,8,9.0,2.0,2.0,2.2715523949578253,3.0337905621029164,3.0337905621029164,3.0337905621029164,3.0962905621029164,44.125,0.7933126210448888,3.2744649963552273,4.0
2317,8,10.0,2.0,2.0,2.0,2.4925561738692568,2.4925561738692568,2.4925561738692568,2.5550561738692568,41.75,0.6306268748179887,2.649743464892802,3.0
2318,8,12.0,2.0,2.2857142857142856,2.1375579585356257,3.1140882753757015,3.1140882753757015,3.1140882753757015,3.1765882753757015,48.5,1.092996890410231,3.454457155520562,4.0
2319,8,2.0,2.0,2.0,2.2715523949578253,1.4277110240523982,2.0,2.2715523949578253,2.3340523949578253,17.625,-1.0219178105394695,2.039418409959726,3.0
2320,8,2.0,2.0,2.2857142857142856,2.1375579585356257,1.4625730436662265,2.2857142857142856,2.1375579585356257,2.2000579585356257,21.375,-0.7650455796548905,1.9740250317922445,3.0
2321,8,2.0,1.0,1.0,1.0,1.0003249105544711,1.0003249105544711,1.0003249105544711,1.0003249105544711,13.75,-1.287352449120201,0.8715478382026467,2.0
2322,8,4.0,2.0,2.2857142857142856,2.1375579585356257,2.483838069470886,2.483838069470886,2.483838069470886,2.546338069470886,36.875,0.29669297466803607,2.557531800013389,3.0
2323,8,1.0,1.0,1.0,1.0,1.5559618039344083,1.5559618039344083,1.5559618039344083,1.5559618039344083,15.625,-1.1589163336779116,1.375638849018555,2.0
2324,8,5.0,3.0,3.0,3.407328592436738,2.491495054955728,3.0,3.407328592436738,3.532328592436738,33.875,0.09119518996037285,3.438401790261206,4.0
2325,8,4.0,2.0,2.0,2.0,1.5270678870888068,2.0,2.0,2.0625,36.125,0.24531852849112024,2.049063705698224,2.0
2326,8,4.0,2.0,2.0,2.0,2.9380407931151087,2.9380407931151087,2.9380407931151087,3.0005407931151087,28.5,-0.2769883409741904,2.856660488615164,3.0
2327,8,6.0,1.0,1.0,1.0,1.5965887537108951,1.5965887537108951,1.5965887537108951,1.5965887537108951,32.5,-0.0029912946973061245,1.5961111669636197,2.0
2328,8,14.0,5.0,8.0,7.273821453226307,5.216710744308472,8.0,7.273821453226307,7.523821453226307,52.25,1.34986912129481,8.255692150578499,8.0
2329,8,5.0,2.0,2.2857142857142856,2.1375579585356257,2.362132043267312,2.362132043267312,2.362132043267312,2.424632043267312,25.25,-0.4996109410741589,2.244117341959491,3.0
2330,8,3.0,2.0,2.0,2.0,2.7134723028662777,2.7134723028662777,2.7134723028662777,2.7759723028662777,16.25,-1.1161042951971485,2.4106204936535227,3.0
2331,8,6.0,1.0,1.0,1.0,2.907968761359559,2.907968761359559,2.907968761359559,2.907968761359559,67.5,2.3944828602254313,3.604276897074203,3.0
2332,8,3.0,1.0,1.0,1.0,1.3113439139093743,1.3113439139093743,1.3113439139093743,1.3113439139093743,22.625,-0.6794215026933642,1.2222483886557638,2.0
2333,8,8.0,1.0,1.0,1.0,2.030377933732867,2.030377933732867,2.030377933732867,2.030377933732867,34.125,0.1083200053526781,2.0523709885978576,3.0
2334,8,12.0,2.0,2.0,2.0,2.627390100847364,2.627390100847364,2.627390100847364,2.689890100847364,61.875,2.0091745138985626,3.1552786237165535,3.0
2335,8,1.0,1.0,1.0,1.0,1.153609735620376,1.153609735620376,1.153609735620376,1.153609735620376,19.25,-0.9106065104894853,1.0485612820383792,2.0
2336,8,1.0,1.0,1.0,1.0,1.1915766187006036,1.1915766187006036,1.1915766187006036,1.1915766187006036,18.375,-0.9705433643625537,1.0759289406596597,2.0
2337,8,10.0,3.0,3.4285714285714284,3.676009769735622,3.5662568180014125,3.5662568180014125,3.676009769735622,3.801009769735622,63.5,2.120485813948547,4.455502426601687,4.0
2338,8,9.0,3.0,3.4285714285714284,3.2063369378034388,1.798967377423661,3.4285714285714284,3.2063369378034388,3.3313369378034388,45.25,0.8703742903102625,3.4854082614770636,4.0
2339,8,7.0,3.0,3.4285714285714284,3.676009769735622,2.516012236046389,3.4285714285714284,3.676009769735622,3.801009769735622,33.0,0.03125833608730441,3.687500364619883,4.0
2340,8,1.0,1.0,1.0,1.0,0.9999999999999999,1.0,1.0,1.0,10.0,-1.54422468000478,0.845577531999522,1.0
2341,8,3.0,1.0,1.0,1.0,1.7929331300543134,1.7929331300543134,1.7929331300543134,1.7929331300543134,13.375,-1.313039672208659,1.5575138971164573,2.0
2342,8,13.0,3.0,3.0,3.407328592436738,4.020643214935424,4.020643214935424,4.020643214935424,4.145643214935424,36.5,0.2710057515795781,4.129604958565115,5.0
2343,8,8.0,5.0,6.666666666666667,9.753057789243005,3.6479754342613,6.666666666666667,9.753057789243005,10.003057789243005,27.375,-0.3540500102395641,9.407750768228151,10.0
2344,8,5.0,2.0,2.0,2.0,1.932803846116053,2.0,2.0,2.0625,34.125,0.1083200053526781,2.0216640010705356,2.0
2345,8,2.0,1.0,1.0,1.0,1.0010035633802619,1.0010035633802619,1.0010035633802619,1.0010035633802619,31.375,-0.08005296396267983,0.9929902331616824,2.0
2346,8,2.0,1.0,1.0,1.0,1.5977368245704935,1.5977368245704935,1.5977368245704935,1.5977368245704935,20.5,-0.824982433527959,1.4659263432033536,2.0
2347,8,4.0,3.0,3.4285714285714284,3.676009769735622,3.1242088037397817,3.4285714285714284,3.676009769735622,3.801009769735622,28.25,-0.29411315636649565,3.56789348611452,4.0
2348,8,5.0,3.0,3.0,3.407328592436738,3.502929833878408,3.502929833878408,3.502929833878408,3.627929833878408,29.125,-0.23417630249342722,3.420899518239252,4.0
2349,8,7.0,3.0,3.0,3.407328592436738,2.1908776042298284,3.0,3.407328592436738,3.532328592436738,47.0,0.9902479980563994,3.744738624174819,4.0
2350,8,7.0,3.0,4.0,3.443153522546566,2.572802818408684,4.0,3.443153522546566,3.568153522546566,52.625,1.375556344383268,3.916778689809019,4.0
2351,8,5.0,1.0,1.0,1.0,1.8593424487634305,1.8593424487634305,1.8593424487634305,1.8593424487634305,15.375,-1.176041149070217,1.6406761257675528,2.0
2352,8,3.0,1.0,1.0,1.0,1.0000000000000018,1.0000000000000018,1.0000000000000018,1.0000000000000018,18.75,-0.9448561412740958,0.905514385872592,2.0
2353,8,5.0,2.0,2.0,2.2715523949578253,2.9865598048517974,2.9865598048517974,2.9865598048517974,3.0490598048517974,16.5,-1.0989794798048431,2.658343010777589,3.0
2354,8,4.0,2.0,2.0,2.2715523949578253,1.9235690244678976,2.0,2.2715523949578253,2.3340523949578253,32.5,-0.0029912946973061245,2.270872906694456,3.0
2355,8,3.0,2.0,2.0,2.0,2.0971050217413367,2.0971050217413367,2.0971050217413367,2.1596050217413367,39.375,0.4679411285910887,2.195237190806105,3.0
2356,8,16.0,6.0,16.0,8.84648183982432,5.3512445092404075,16.0,8.84648183982432,9.15898183982432,41.375,0.6049396517295309,9.381640604145813,9.0
2357,8,4.0,2.0,2.0,2.2715523949578253,1.4251539249465086,2.0,2.2715523949578253,2.3340523949578253,27.75,-0.3283627871511062,2.196963067401013,3.0
2358,8,1.0,1.0,1.0,1.0,1.0000000000000009,1.0000000000000009,1.0000000000000009,1.0000000000000009,7.0,-1.7497224647124434,0.8250277535287565,2.0
2359,8,8.0,2.0,2.2857142857142856,2.1375579585356257,2.4207545819670635,2.4207545819670635,2.4207545819670635,2.4832545819670635,28.125,-0.3026755640626483,2.347484256111651,3.0
2360,8,7.0,2.0,2.0,2.2715523949578253,2.8879819347917612,2.8879819347917612,2.8879819347917612,2.9504819347917612,38.25,0.390879459325715,3.0008672165131447,3.0
2361,8,7.0,3.0,3.4285714285714284,3.2063369378034388,3.503849147558276,3.503849147558276,3.503849147558276,3.628849147558276,49.5,1.161496151979452,3.9108198777588177,4.0
2362,8,10.0,3.0,3.0,3.9426460859987684,1.931522177008122,3.0,3.9426460859987684,4.067646085998769,32.875,0.022695928391151775,3.951594287322717,4.0
2363,8,1.0,1.0,1.0,1.0,1.0000000000000016,1.0000000000000016,1.0000000000000016,1.0000000000000016,14.125,-1.2616652260317431,0.873833477396827,2.0
2364,8,1.0,1.0,1.0,1.0,1.0000000000000018,1.0000000000000018,1.0000000000000018,1.0000000000000018,17.375,-1.0390426259317749,0.896095737406824,2.0
2365,8,9.0,4.0,5.333333333333333,5.320921844268105,5.45868083382222,5.45868083382222,5.45868083382222,5.64618083382222,52.125,1.3413067135986574,6.190857358802027,6.0
2366,8,17.0,2.0,2.2857142857142856,2.1375579585356257,2.484889243512767,2.484889243512767,2.484889243512767,2.547389243512767,46.625,0.9645607749679415,2.724571912955985,3.0
2367,8,7.0,3.0,3.0,3.9426460859987684,3.205091731593682,3.205091731593682,3.9426460859987684,4.067646085998769,40.875,0.5706900209449203,4.167648963738473,4.0
2368,8,3.0,2.0,2.0,2.0,1.7187085708606702,2.0,2.0,2.0625,20.375,-0.8335448412241115,1.8332910317551776,2.0
2369,8,3.0,2.0,2.0,2.0,1.9926530078004843,2.0,2.0,2.0625,19.75,-0.8763568797048747,1.824728624059025,2.0
2370,8,3.0,1.0,1.0,1.0,2.197110950405832,2.197110950405832,2.197110950405832,2.197110950405832,31.375,-0.08005296396267983,2.179522426032347,3.0
2371,8,1.0,1.0,1.0,1.0,1.0055041637102757,1.0055041637102757,1.0055041637102757,1.0055041637102757,26.375,-0.42254927180878515,0.9630166584926279,2.0
2372,8,4.0,2.0,2.0,2.0,1.7088417145838881,2.0,2.0,2.0625,17.625,-1.0219178105394695,1.795616437892106,2.0
2373,8,7.0,4.0,4.571428571428571,5.74252713155054,3.1110338178766277,4.571428571428571,5.74252713155054,5.93002713155054,43.25,0.7333757671718204,6.163670155611127,6.0
2374,8,2.0,1.0,1.0,1.0,1.1525265462886876,1.1525265462886876,1.1525265462886876,1.1525265462886876,21.0,-0.7907328027433485,1.061392491670391,2.0
2375,8,4.0,1.0,1.0,1.0,1.5926104558638619,1.5926104558638619,1.5926104558638619,1.5926104558638619,36.875,0.29669297466803607,1.6398620892276283,2.0
2376,8,7.0,2.0,2.2857142857142856,2.1375579585356257,2.321733310192679,2.321733310192679,2.321733310192679,2.384233310192679,33.625,0.07407037456806757,2.3389304757859923,3.0
2377,8,1.0,1.0,1.0,1.0,2.886077383480637,2.886077383480637,2.886077383480637,2.886077383480637,41.875,0.6391892825141414,3.0705523566833643,3.0
2378,8,26.0,5.0,6.666666666666667,9.753057789243005,4.756621778875523,6.666666666666667,9.753057789243005,10.003057789243005,78.5,3.147974737486863,12.823295742621651,10.0
2379,8,2.0,1.0,1.0,1.0,1.2244532380967323,1.2244532380967323,1.2244532380967323,1.2244532380967323,17.625,-1.0219178105394695,1.0993241808783547,2.0
2380,8,2.0,1.0,1.0,1.0,1.4133703079192896,1.4133703079192896,1.4133703079192896,1.4133703079192896,20.125,-0.8506696566164168,1.2931391844683355,2.0
2381,8,2.0,2.0,2.0,2.0,2.5311939406231865,2.5311939406231865,2.5311939406231865,2.5936939406231865,14.5,-1.2359780029432854,2.2183439374438274,3.0
2382,8,5.0,2.0,2.0,2.2715523949578253,2.9373736739703045,2.9373736739703045,2.9373736739703045,2.9998736739703045,24.375,-0.5595477949472273,2.7730135777496927,3.0
2383,8,4.0,1.0,1.0,1.0,4.164327738842933,4.164327738842933,4.164327738842933,4.164327738842933,37.75,0.3566298285411045,4.312840087592185,5.0
2384,8,10.0,2.0,2.0,2.2715523949578253,3.860894504678006,3.860894504678006,3.860894504678006,3.923394504678006,53.5,1.4354931982563364,4.415123284743061,4.0
2385,8,4.0,2.0,2.0,2.0,2.0803874700652596,2.0803874700652596,2.0803874700652596,2.1428874700652596,43.875,0.7761878056525835,2.241864608594968,3.0
2386,8,2.0,2.0,2.0,2.2715523949578253,2.197958195048785,2.197958195048785,2.2715523949578253,2.3340523949578253,28.625,-0.26842593327803776,2.2105780377971738,3.0
2387,8,6.0,2.0,2.2857142857142856,2.1375579585356257,2.5747806233945325,2.5747806233945325,2.5747806233945325,2.6372806233945325,22.25,-0.705108725781822,2.393230594941588,3.0
2388,8,2.0,1.0,1.0,1.0,1.2518733979691976,1.2518733979691976,1.2518733979691976,1.2518733979691976,21.0,-0.7907328027433485,1.1528836619035954,2.0
2389,8,3.0,1.0,1.0,1.0,1.3137087778644556,1.3137087778644556,1.3137087778644556,1.3137087778644556,23.75,-0.6023598334279905,1.2345762378037235,2.0
2390,8,12.0,2.0,2.2857142857142856,2.1375579585356257,1.3565882141931618,2.2857142857142856,2.1375579585356257,2.2000579585356257,22.75,-0.6708590949972115,1.994157938778896,3.0
2391,8,4.0,1.0,1.0,1.0,1.3329854439911015,1.3329854439911015,1.3329854439911015,1.3329854439911015,24.5,-0.5509853872510747,1.2595398938853533,2.0
2392,8,3.0,2.0,2.2857142857142856,2.1375579585356257,2.273304381374206,2.2857142857142856,2.273304381374206,2.335804381374206,27.125,-0.3711748256318694,2.1889250456377325,3.0
2393,8,3.0,2.0,2.0,2.0,1.6737907358046789,2.0,2.0,2.0625,17.0,-1.0647298490202326,1.7870540301959534,2.0
2394,8,1.0,1.0,1.0,1.0,1.0,1.0,1.0,1.0,17.875,-1.0047929951471641,0.8995207004852835,1.0
2395,8,4.0,2.0,2.0,2.2715523949578253,2.670619361736803,2.670619361736803,2.670619361736803,2.733119361736803,26.0,-0.44823649489724304,2.5509124555458413,3.0
2396,8,5.0,2.0,2.0,2.0,1.5470668670809555,2.0,2.0,2.0625,29.375,-0.21705148710112196,1.9565897025797756,2.0
2397,8,1.0,1.0,1.0,1.0,1.7123871819542442,1.7123871819542442,1.7123871819542442,1.7123871819542442,34.625,0.14256963613728865,1.7368006236999816,2.0
2398,8,7.0,3.0,3.4285714285714284,3.2063369378034388,2.3737180400893063,3.4285714285714284,3.2063369378034388,3.3313369378034388,32.25,-0.02011611008961139,3.1998870351209145,4.0
2399,8,2.0,2.0,2.2857142857142856,2.1375579585356257,2.5931238269788754,2.5931238269788754,2.5931238269788754,2.6556238269788754,32.875,0.022695928391151775,2.5990091622475258,3.0
2400,8,7.0,2.0,2.0,2.0,2.3977791908378845,2.3977791908378845,2.3977791908378845,2.4602791908378845,17.375,-1.0390426259317749,2.148639712152608,3.0
2401,8,4.0,1.0,1.0,1.0,1.5958567261686785,1.5958567261686785,1.5958567261686785,1.5958567261686785,34.625,0.14256963613728865,1.6186087974463899,2.0
2402,8,2.0,1.0,1.0,1.0,1.4643063227832744,1.4643063227832744,1.4643063227832744,1.4643063227832744,24.125,-0.5766726103395325,1.379863787833663,2.0
2403,8,3.0,2.0,2.0,2.0,2.169621180984398,2.169621180984398,2.169621180984398,2.232121180984398,18.125,-0.987668179754859,1.955334600726353,3.0
2404,8,3.0,1.0,1.0,1.0,1.4028224976099262,1.4028224976099262,1.4028224976099262,1.4028224976099262,13.25,-1.3216020799048116,1.217425184552072,2.0
2405,8,1.0,1.0,1.0,1.0,1.3547538891212842,1.3547538891212842,1.3547538891212842,1.3547538891212842,25.875,-0.4567989025933957,1.2928688801378105,2.0
2406,8,12.0,5.0,8.0,7.273821453226307,3.511863452429696,8.0,7.273821453226307,7.523821453226307,58.875,1.8036767291908995,8.58578370197369,8.0
2407,8,3.0,1.0,1.0,1.0,1.1454180852459066,1.1454180852459066,1.1454180852459066,1.1454180852459066,27.75,-0.3283627871511062,1.1078068177534437,2.0
2408,8,8.0,4.0,4.571428571428571,5.74252713155054,3.4176525569602676,4.571428571428571,5.74252713155054,5.93002713155054,56.75,1.6581157983563048,6.694704627481907,6.0
2409,8,7.0,2.0,2.2857142857142856,2.1375579585356257,1.8249488618846845,2.2857142857142856,2.1375579585356257,2.2000579585356257,37.0,0.3052553823641887,2.2028080657314666,3.0
2410,8,3.0,2.0,2.0,2.0,2.424740281947818,2.424740281947818,2.424740281947818,2.487240281947818,17.875,-1.0047929951471641,2.181104076912585,3.0
2411,8,6.0,2.0,2.0,2.0,1.977492309906855,2.0,2.0,2.0625,36.875,0.29669297466803607,2.059338594933607,2.0
2412,8,7.0,3.0,3.0,3.9426460859987684,2.9196791640503537,3.0,3.9426460859987684,4.067646085998769,20.25,-0.8421072489202642,3.6106330011041012,4.0
2413,8,2.0,2.0,2.0,2.2715523949578253,2.152979743001147,2.152979743001147,2.2715523949578253,2.3340523949578253,14.75,-1.21885318755098,1.9946835072294846,3.0
2414,8,6.0,2.0,2.0,2.0,1.291750167197779,2.0,2.0,2.0625,38.25,0.390879459325715,2.078175891865143,2.0
2415,8,2.0,1.0,1.0,1.0,1.2965460070459702,1.2965460070459702,1.2965460070459702,1.2965460070459702,14.0,-1.270227633727896,1.1318551503910348,2.0
2416,8,1.0,1.0,1.0,1.0,1.2952265900854294,1.2952265900854294,1.2952265900854294,1.2952265900854294,30.375,-0.1485522255319009,1.275985710832901,2.0
2417,8,4.0,3.0,3.0,3.9426460859987684,3.270035997097787,3.270035997097787,3.9426460859987684,4.067646085998769,21.75,-0.7393583565664326,3.6511432529320555,4.0
2418,8,3.0,1.0,1.0,1.0,2.0166509953964566,2.0166509953964566,2.0166509953964566,2.0166509953964566,25.875,-0.4567989025933957,1.9245305992353585,3.0
2419,8,3.0,2.0,2.2857142857142856,2.1375579585356257,1.6250385978544921,2.2857142857142856,2.1375579585356257,2.2000579585356257,13.75,-1.287352449120201,1.862378911229904,3.0
2420,8,21.0,4.0,4.571428571428571,5.74252713155054,3.626450811765235,4.571428571428571,5.74252713155054,5.93002713155054,50.875,1.255682636637131,6.463606292501104,6.0
2421,8,4.0,1.0,1.0,1.0,1.1529231224044334,1.1529231224044334,1.1529231224044334,1.1529231224044334,22.375,-0.6965463180856695,1.0726166868097693,2.0
2422,8,1.0,1.0,1.0,1.0,1.277515992325814,1.277515992325814,1.277515992325814,1.277515992325814,19.875,-0.8677944720087221,1.166653860721506,2.0
2423,8,5.0,2.0,2.0,2.0,1.884636767632541,2.0,2.0,2.0625,36.25,0.25388093618727287,2.0507761872374544,2.0
2424,8,1.0,1.0,1.0,1.0,1.000000000000001,1.000000000000001,1.000000000000001,1.000000000000001,12.125,-1.3986637491701854,0.8601336250829824,2.0
2425,8,1.0,1.0,1.0,1.0,1.000000000000002,1.000000000000002,1.000000000000002,1.000000000000002,18.0,-0.9962305874510116,0.9003769412549006,2.0
2426,8,3.0,2.0,2.0,2.2715523949578253,2.031293340364353,2.031293340364353,2.2715523949578253,2.3340523949578253,22.0,-0.7222335411741273,2.107493261940529,3.0
2427,8,6.0,2.0,2.2857142857142856,2.1375579585356257,2.5414541148756866,2.5414541148756866,2.5414541148756866,2.6039541148756866,61.375,1.974924883113952,3.043372211951721,3.0
2428,8,6.0,3.0,3.4285714285714284,3.676009769735622,3.3406906781525656,3.4285714285714284,3.676009769735622,3.801009769735622,46.625,0.9645607749679415,4.030583252964214,4.0
2429,8,7.0,3.0,3.0,3.9426460859987684,3.3550412222673276,3.3550412222673276,3.9426460859987684,4.067646085998769,66.5,2.3259835986562103,4.859699099132693,4.0
2430,8,2.0,1.0,1.0,1.0,1.2435785860411506,1.2435785860411506,1.2435785860411506,1.2435785860411506,16.25,-1.1161042951971485,1.104782245911578,2.0
2431,8,2.0,1.0,1.0,1.0,1.5445116200272127,1.5445116200272127,1.5445116200272127,1.5445116200272127,30.625,-0.13142741013959564,1.524212503812144,2.0
2432,8,2.0,2.0,2.0,2.0,1.5713247511806014,2.0,2.0,2.0625,32.625,0.005571112998846509,2.001114222599769,2.0
2433,8,26.0,5.0,8.0,7.273821453226307,6.346922114172208,8.0,7.273821453226307,7.523821453226307,60.25,1.8978632138485785,8.65429326924439,8.0
2434,8,4.0,1.0,1.0,1.0,1.461218083560659,1.461218083560659,1.461218083560659,1.461218083560659,25.0,-0.5167357564664641,1.3857117203835396,2.0
2435,8,3.0,1.0,1.0,1.0,3.659409356550268,3.659409356550268,3.659409356550268,3.659409356550268,69.75,2.5486061987561786,4.592048693539305,4.0
2436,8,9.0,4.0,6.4,4.95698923699541,4.223705435202411,6.4,4.95698923699541,5.14448923699541,38.5,0.40800427471802025,5.159236516837945,5.0
2437,8,7.0,3.0,3.4285714285714284,3.676009769735622,2.8950917059987864,3.4285714285714284,3.676009769735622,3.801009769735622,41.5,0.6135020594256835,3.9015337261557956,4.0
2438,8,11.0,4.0,5.333333333333333,4.590871363395421,2.2018993679361176,5.333333333333333,4.590871363395421,4.778371363395421,28.125,-0.3026755640626483,4.451916905449944,5.0
2439,8,13.0,4.0,4.571428571428571,5.74252713155054,3.1778825002306457,4.571428571428571,5.74252713155054,5.93002713155054,61.125,1.957800067721647,6.866799132254845,6.0
2440,8,8.0,5.0,8.0,7.273821453226307,4.674601816638594,8.0,7.273821453226307,7.523821453226307,42.875,0.7076885440833625,7.788581464641912,8.0
2441,8,5.0,1.0,1.0,1.0,2.3405126950885053,2.3405126950885053,2.3405126950885053,2.3405126950885053,42.625,0.6905637286910572,2.502140012465413,3.0
2442,8,2.0,1.0,1.0,1.0,1.0000000000000013,1.0000000000000013,1.0000000000000013,1.0000000000000013,7.875,-1.689785610839375,0.8310214389160636,2.0
2443,8,6.0,2.0,2.0,2.2715523949578253,3.190564447179651,3.190564447179651,3.190564447179651,3.253064447179651,43.125,0.7248133594756677,3.4218208207380414,4.0
2444,8,6.0,2.0,2.0,2.0,1.9871045556516633,2.0,2.0,2.0625,29.125,-0.23417630249342722,1.9531647395013145,2.0
2445,8,7.0,4.0,5.333333333333333,5.320921844268105,3.9920919685713843,5.333333333333333,5.320921844268105,5.508421844268105,20.0,-0.8592320643125695,4.8637311782384725,6.0
2446,8,5.0,3.0,3.4285714285714284,3.2063369378034388,2.178177504344256,3.4285714285714284,3.2063369378034388,3.3313369378034388,23.625,-0.6109222411241431,3.0104546830192387,4.0
2447,8,2.0,2.0,2.0,2.0,2.136976045634605,2.136976045634605,2.136976045634605,2.199476045634605,15.25,-1.1846035567663695,1.8838291031962768,3.0
2448,8,3.0,1.0,1.0,1.0,1.0000000000000018,1.0000000000000018,1.0000000000000018,1.0000000000000018,24.0,-0.5852350180356852,0.9414764981964331,2.0
2449,8,2.0,2.0,2.2857142857142856,2.1375579585356257,1.376508579505773,2.2857142857142856,2.1375579585356257,2.2000579585356257,11.375,-1.450038195347101,1.8276038900711424,3.0
2450,8,4.0,1.0,1.0,1.0,1.5309196250223605,1.5309196250223605,1.5309196250223605,1.5309196250223605,20.5,-0.824982433527959,1.4046214452436947,2.0
2451,8,5.0,2.0,2.0,2.0,2.4168879789343163,2.4168879789343163,2.4168879789343163,2.4793879789343163,33.0,0.03125833608730441,2.424442768607406,3.0
2452,8,14.0,2.0,2.0,2.2715523949578253,2.563977152244745,2.563977152244745,2.563977152244745,2.626477152244745,56.625,1.649553390660152,2.986918872750793,3.0
2453,8,10.0,4.0,4.571428571428571,5.74252713155054,3.807158710895915,4.571428571428571,5.74252713155054,5.93002713155054,55.375,1.5639293136986259,6.640617783124698,6.0
2454,8,4.0,2.0,2.0,2.0,2.147962319479669,2.147962319479669,2.147962319479669,2.210462319479669,33.625,0.07407037456806757,2.1638723568358644,3.0
2455,8,13.0,6.0,12.0,11.916610568939126,5.875017035638955,12.0,11.916610568939126,12.229110568939126,55.75,1.5896165367870836,13.810894691222863,12.0
2456,8,12.0,4.0,5.333333333333333,5.320921844268105,3.454226909074386,5.333333333333333,5.320921844268105,5.508421844268105,60.375,1.906425621544731,6.335316017683081,6.0
2457,8,6.0,2.0,2.2857142857142856,2.1375579585356257,2.436582730630265,2.436582730630265,2.436582730630265,2.499082730630265,34.625,0.14256963613728865,2.471321001962701,3.0
2458,8,2.0,2.0,2.0,2.2715523949578253,1.7585482228037959,2.0,2.2715523949578253,2.3340523949578253,23.25,-0.636609464212601,2.12694321964933,3.0
2459,8,6.0,3.0,3.4285714285714284,3.676009769735622,2.792255949562624,3.4285714285714284,3.676009769735622,3.801009769735622,23.0,-0.6537342796049063,3.4356964098717504,4.0
2460,8,9.0,3.0,3.4285714285714284,3.676009769735622,2.3702115137371433,3.4285714285714284,3.676009769735622,3.801009769735622,29.75,-0.19136426401266407,3.60566407932674,4.0
2461,8,3.0,2.0,2.2857142857142856,2.1375579585356257,2.3584790024468028,2.3584790024468028,2.3584790024468028,2.4209790024468028,30.75,-0.12286500244344299,2.329501549606959,3.0
2462,8,4.0,1.0,1.0,1.0,1.8767599566993858,1.8767599566993858,1.8767599566993858,1.8767599566993858,37.875,0.3651922362372571,1.9452977732461445,2.0
2463,8,2.0,1.0,1.0,1.0,1.8935889013786247,1.8935889013786247,1.8935889013786247,1.8935889013786247,36.125,0.24531852849112024,1.940042145663957,2.0
2464,8,8.0,2.0,2.0,2.2715523949578253,2.2208759024648796,2.2208759024648796,2.2715523949578253,2.3340523949578253,37.625,0.34806742084495185,2.3506177333005396,3.0
2465,8,3.0,1.0,1.0,1.0,2.3344986472161606,2.3344986472161606,2.3344986472161606,2.3344986472161606,35.125,0.17681926692189917,2.3757770811592533,3.0
2466,8,4.0,2.0,2.0,2.0,1.8963185949588464,2.0,2.0,2.0625,26.625,-0.4054244564164799,1.918915108716704,2.0
2467,8,3.0,2.0,2.0,2.2715523949578253,2.9982620233283868,2.9982620233283868,2.9982620233283868,3.0607620233283868,22.375,-0.6965463180856695,2.789419186027839,3.0
2468,8,2.0,1.0,1.0,1.0,1.0000000000000009,1.0000000000000009,1.0000000000000009,1.0000000000000009,16.0,-1.1332291105894536,0.8866770889410555,2.0
2469,8,1.0,1.0,1.0,1.0,1.3904576126825088,1.3904576126825088,1.3904576126825088,1.3904576126825088,21.5,-0.7564831719587378,1.285271834150885,2.0
2470,8,5.0,2.0,2.2857142857142856,2.1375579585356257,2.1154822334787,2.2857142857142856,2.1375579585356257,2.2000579585356257,37.625,0.34806742084495185,2.211959387089035,3.0
2471,8,2.0,1.0,1.0,1.0,1.5497734086471566,1.5497734086471566,1.5497734086471566,1.5497734086471566,24.0,-0.5852350180356852,1.4590752417710722,2.0
2472,8,2.0,1.0,1.0,1.0,2.047825404568832,2.047825404568832,2.047825404568832,2.047825404568832,19.625,-0.8849192874010273,1.8666093847955552,3.0
2473,8,3.0,2.0,2.0,2.0,1.4426555472261406,2.0,2.0,2.0625,26.25,-0.4311116795049378,1.9137776640990125,2.0
2474,8,7.0,2.0,2.0,2.0,2.18387781208054,2.18387781208054,2.18387781208054,2.24637781208054,28.0,-0.3112379717588009,2.1159072420004406,3.0
2475,8,3.0,1.0,1.0,1.0,1.2998387869304044,1.2998387869304044,1.2998387869304044,1.2998387869304044,19.625,-0.8849192874010273,1.1848135456237376,2.0
2476,8,4.0,3.0,3.4285714285714284,3.2063369378034388,2.6955966238909346,3.4285714285714284,3.2063369378034388,3.3313369378034388,27.375,-0.3540500102395641,3.0928165752373586,4.0
2477,8,2.0,1.0,1.0,1.0,1.5050551795381844,1.5050551795381844,1.5050551795381844,1.5050551795381844,10.125,-1.5356622723086275,1.2739295338422365,2.0
2478,8,6.0,2.0,2.0,2.2715523949578253,2.1544466240120217,2.1544466240120217,2.2715523949578253,2.3340523949578253,41.125,0.5878148363372255,2.4050776148851822,3.0
2479,8,14.0,3.0,3.4285714285714284,3.2063369378034388,2.16433581848585,3.4285714285714284,3.2063369378034388,3.3313369378034388,63.5,2.120485813948547,3.8862361369385803,4.0
2480,8,1.0,1.0,1.0,1.0,1.000000000000003,1.000000000000003,1.000000000000003,1.000000000000003,16.5,-1.0989794798048431,0.8901020520195184,2.0
2481,8,7.0,3.0,3.4285714285714284,3.2063369378034388,3.492666905147787,3.492666905147787,3.492666905147787,3.617666905147787,44.5,0.8189998441333467,3.7787162702403614,4.0
2482,8,2.0,2.0,2.0,2.0,1.4872726473601365,2.0,2.0,2.0625,20.0,-0.8592320643125695,1.828153587137486,2.0
2483,8,6.0,3.0,3.0,3.407328592436738,3.2818955050470007,3.2818955050470007,3.407328592436738,3.532328592436738,27.0,-0.379737233328022,3.277939639163599,4.0
2484,8,6.0,1.0,1.0,1.0,2.4135669194186673,2.4135669194186673,2.4135669194186673,2.4135669194186673,34.375,0.12544482074498337,2.4438438663749174,3.0
2485,8,4.0,2.0,2.0,2.2715523949578253,1.3626894799073004,2.0,2.2715523949578253,2.3340523949578253,21.75,-0.7393583565664326,2.1036032703987693,3.0
2486,8,3.0,1.0,1.0,1.0,1.4508064390940967,1.4508064390940967,1.4508064390940967,1.4508064390940967,27.25,-0.36261241793571675,1.398198396010435,2.0
2487,8,2.0,1.0,1.0,1.0,1.7149571455717871,1.7149571455717871,1.7149571455717871,1.7149571455717871,24.75,-0.5338605718587695,1.6234023453269635,2.0
2488,8,8.0,3.0,3.4285714285714284,3.2063369378034388,3.5179818627111463,3.5179818627111463,3.5179818627111463,3.6429818627111463,57.75,1.7266150599255259,4.125401909181337,4.0
2489,8,2.0,1.0,1.0,1.0,1.2015544705116123,1.2015544705116123,1.2015544705116123,1.2015544705116123,19.625,-0.8849192874010273,1.0952265979297469,2.0
2490,8,3.0,2.0,2.0,2.2715523949578253,2.1867153506751675,2.1867153506751675,2.2715523949578253,2.3340523949578253,21.5,-0.7564831719587378,2.099713278857009,3.0
2491,8,7.0,2.0,2.0,2.0,2.1853712434834405,2.1853712434834405,2.1853712434834405,2.2478712434834405,39.0,0.44225390550263083,2.28202014022381,3.0
2492,8,6.0,3.0,3.4285714285714284,3.2063369378034388,2.711434114102139,3.4285714285714284,3.2063369378034388,3.3313369378034388,42.0,0.647751690210294,3.4140279548880264,4.0
2493,8,1.0,1.0,1.0,1.0,2.533397071320887,2.533397071320887,2.533397071320887,2.533397071320887,22.5,-0.6879839103895168,2.3591034289512174,3.0
2494,8,8.0,5.0,8.0,7.273821453226307,4.967379085608751,8.0,7.273821453226307,7.523821453226307,43.125,0.7248133594756677,7.801037749600221,8.0
2495,8,7.0,3.0,3.4285714285714284,3.2063369378034388,3.411540835831863,3.4285714285714284,3.411540835831863,3.536540835831863,40.625,0.553565205552615,3.6003918662357033,4.0
2496,8,4.0,2.0,2.2857142857142856,2.1375579585356257,3.1688200743215496,3.1688200743215496,3.1688200743215496,3.2313200743215496,20.5,-0.824982433527959,2.9073979846889455,4.0
2497,8,6.0,2.0,2.2857142857142856,2.1375579585356257,3.508288625247827,3.508288625247827,3.508288625247827,3.570788625247827,32.0,-0.03724092548191666,3.495223433721636,4.0
2498,8,1.0,1.0,1.0,1.0,1.5468603652888417,1.5468603652888417,1.5468603652888417,1.5468603652888417,21.0,-0.7907328027433485,1.4245450420790973,2.0
2499,8,17.0,4.0,4.571428571428571,5.74252713155054,3.8300522267756434,4.571428571428571,5.74252713155054,5.93002713155054,54.625,1.51255486752171,6.611115868020765,6.0
2500,8,4.0,2.0,2.2857142857142856,2.1375579585356257,2.067270397630652,2.2857142857142856,2.1375579585356257,2.2000579585356257,37.75,0.3566298285411045,2.213789651360549,3.0
2501,8,2.0,2.0,2.0,2.0,1.7094237358477384,2.0,2.0,2.0625,34.0,0.09975759765652548,2.019951519531305,2.0
2502,8,1.0,1.0,1.0,1.0,1.4425860059043716,1.4425860059043716,1.4425860059043716,1.4425860059043716,21.5,-0.7564831719587378,1.3334568021473892,2.0
2503,8,1.0,1.0,1.0,1.0,1.0000000000000018,1.0000000000000018,1.0000000000000018,1.0000000000000018,16.625,-1.0904170721086905,0.8909582927891325,2.0
2504,8,3.0,1.0,1.0,1.0,1.3584754052013317,1.3584754052013317,1.3584754052013317,1.3584754052013317,37.125,0.31381779006034133,1.4011067801524928,2.0
2505,8,2.0,2.0,2.2857142857142856,2.1375579585356257,1.38364258849381,2.2857142857142856,2.1375579585356257,2.2000579585356257,22.5,-0.6879839103895168,1.9904974102358683,3.0
2506,8,5.0,3.0,3.4285714285714284,3.676009769735622,2.223528906565611,3.4285714285714284,3.676009769735622,3.801009769735622,23.125,-0.6451718719087536,3.438843959306102,4.0
2507,8,1.0,1.0,1.0,1.0,1.3513976459283128,1.3513976459283128,1.3513976459283128,1.3513976459283128,25.75,-0.4653613102895483,1.2885088280051717,2.0
2508,8,19.0,4.0,5.333333333333333,5.320921844268105,4.612817184641129,5.333333333333333,5.320921844268105,5.508421844268105,73.0,2.7712287988561473,6.795471029397959,6.0
2509,8,5.0,1.0,1.0,1.0,1.312723680949138,1.312723680949138,1.312723680949138,1.312723680949138,23.0,-0.6537342796049063,1.2269064339605795,2.0
2510,8,10.0,3.0,4.0,3.443153522546566,1.6372872630274644,4.0,3.443153522546566,3.568153522546566,25.375,-0.49104853337800625,3.274077973802385,4.0
2511,8,4.0,2.0,2.2857142857142856,2.1375579585356257,2.9081134621409945,2.9081134621409945,2.9081134621409945,2.9706134621409945,22.5,-0.6879839103895168,2.708039934986979,3.0
2512,8,2.0,2.0,2.0,2.0,1.6655777252600519,2.0,2.0,2.0625,11.875,-1.4157885645624906,1.716842287087502,2.0
2513,8,4.0,3.0,3.0,3.9426460859987684,2.753067780426137,3.0,3.9426460859987684,4.067646085998769,33.125,0.03982074378345704,3.958345995960709,4.0
2514,8,1.0,1.0,1.0,1.0,1.0017113041841534,1.0017113041841534,1.0017113041841534,1.0017113041841534,16.375,-1.107541887500996,0.8907675813274333,2.0
2515,8,7.0,3.0,3.0,3.9426460859987684,4.406406059027174,4.406406059027174,4.406406059027174,4.531406059027174,66.5,2.3259835986562103,5.43132888125883,5.0
2516,8,11.0,4.0,4.571428571428571,5.74252713155054,3.1819017397465252,4.571428571428571,5.74252713155054,5.93002713155054,46.625,0.9645607749679415,6.296428773578822,6.0
2517,8,4.0,2.0,2.2857142857142856,2.1375579585356257,2.4396636731272645,2.4396636731272645,2.4396636731272645,2.5021636731272645,31.875,-0.04580333317806929,2.4284892003209966,3.0
2518,8,9.0,2.0,2.0,2.0,4.83331253190065,4.83331253190065,4.83331253190065,4.89581253190065,23.5,-0.6194846488202957,4.53389624025433,5.0
2519,8,2.0,2.0,2.2857142857142856,2.1375579585356257,1.6577199811317427,2.2857142857142856,2.1375579585356257,2.2000579585356257,20.625,-0.8164200258318063,1.9630434461631618,3.0
2520,8,3.0,1.0,1.0,1.0,1.000577304594025,1.000577304594025,1.000577304594025,1.000577304594025,22.125,-0.7136711334779747,0.9291689906838295,2.0
2521,8,3.0,1.0,1.0,1.0,1.9137818499303587,1.9137818499303587,1.9137818499303587,1.9137818499303587,22.625,-0.6794215026933642,1.7837553958996615,2.0
2522,8,8.0,5.0,8.0,7.273821453226307,4.129815666231826,8.0,7.273821453226307,7.523821453226307,46.625,0.9645607749679415,7.975425739016548,8.0
2523,8,8.0,3.0,3.4285714285714284,3.2063369378034388,2.8962186240851904,3.4285714285714284,3.2063369378034388,3.3313369378034388,31.0,-0.10574018705113773,3.172433071048208,4.0
2524,8,7.0,3.0,3.4285714285714284,3.2063369378034388,2.1795043372651524,3.4285714285714284,3.2063369378034388,3.3313369378034388,49.125,1.135808928890994,3.5705155501024537,4.0
2525,8,1.0,1.0,1.0,1.0,1.207163958237106,1.207163958237106,1.207163958237106,1.207163958237106,22.5,-0.6879839103895168,1.124113020190181,2.0
2526,8,16.0,5.0,10.0,6.733203485052171,4.84626242673751,10.0,6.733203485052171,6.983203485052171,50.125,1.204308190460215,7.54408869556053,7.0
2527,8,10.0,4.0,4.571428571428571,5.74252713155054,2.9662373143821457,4.571428571428571,5.74252713155054,5.93002713155054,37.375,0.3309426054526466,5.932571820630325,6.0
2528,8,5.0,3.0,4.0,3.443153522546566,2.715596957637684,4.0,3.443153522546566,3.568153522546566,37.0,0.3052553823641887,3.548257637052922,4.0
2529,8,1.0,1.0,1.0,1.0,1.607116889152579,1.607116889152579,1.607116889152579,1.607116889152579,12.25,-1.3901013414740326,1.3837113548009217,2.0
2530,8,1.0,1.0,1.0,1.0,1.2569429862535424,1.2569429862535424,1.2569429862535424,1.2569429862535424,18.5,-0.961980956666401,1.1360274646144117,2.0
2531,8,2.0,1.0,1.0,1.0,1.565945828050264,1.565945828050264,1.565945828050264,1.565945828050264,17.125,-1.05616744132408,1.4005557282038674,2.0
2532,8,19.0,5.0,8.0,7.273821453226307,2.698388529107734,8.0,7.273821453226307,7.523821453226307,25.625,-0.473923717985701,6.92909780251859,8.0
2533,8,1.0,1.0,1.0,1.0,1.2519209759973127,1.2519209759973127,1.2519209759973127,1.2519209759973127,20.75,-0.8078576181356537,1.1507835862209874,2.0
2534,8,7.0,2.0,2.0,2.0,2.3099806554672697,2.3099806554672697,2.3099806554672697,2.3724806554672697,45.625,0.8960615133987204,2.5169691316732465,3.0
2535,8,2.0,1.0,1.0,1.0,2.057358390330485,2.057358390330485,2.057358390330485,2.057358390330485,25.5,-0.4824861256818536,1.958093702441524,3.0
2536,8,2.0,2.0,2.0,2.0,1.99980718880806,2.0,2.0,2.0625,28.625,-0.26842593327803776,1.9463148133443924,2.0
2537,8,9.0,3.0,4.0,3.443153522546566,3.6332817836488642,4.0,3.6332817836488642,3.7582817836488642,52.375,1.3584315289909625,4.126838236510578,4.0
2538,8,2.0,1.0,1.0,1.0,1.8424666319650813,1.8424666319650813,1.8424666319650813,1.8424666319650813,39.5,0.47650353628724135,1.9302608185273415,2.0
2539,8,3.0,2.0,2.0,2.2715523949578253,1.190414133372432,2.0,2.2715523949578253,2.3340523949578253,23.125,-0.6451718719087536,2.12499822387845,3.0
2540,8,3.0,1.0,1.0,1.0,1.1957637443811795,1.1957637443811795,1.1957637443811795,1.1957637443811795,18.25,-0.9791057720587063,1.0786858259669652,2.0
2541,8,2.0,1.0,1.0,1.0,1.0,1.0,1.0,1.0,17.625,-1.0219178105394695,0.897808218946053,1.0
2542,8,16.0,5.0,10.0,6.733203485052171,6.1311206567859555,10.0,6.733203485052171,6.983203485052171,73.75,2.8226032450330627,8.63371968568979,7.0
2543,8,4.0,2.0,2.0,2.0,1.6615927771635524,2.0,2.0,2.0625,14.5,-1.2359780029432854,1.752804399411343,2.0
2544,8,4.0,1.0,1.0,1.0,1.4345930734813552,1.4345930734813552,1.4345930734813552,1.4345930734813552,15.75,-1.150353925981759,1.2695640960548036,2.0
2545,8,5.0,2.0,2.2857142857142856,2.1375579585356257,2.046016904884734,2.2857142857142856,2.1375579585356257,2.2000579585356257,37.875,0.3651922362372571,2.215619915632063,3.0
2546,8,5.0,2.0,2.0,2.2715523949578253,1.7006432401643365,2.0,2.2715523949578253,2.3340523949578253,35.625,0.21106889770650972,2.3194978009664586,3.0
2547,8,3.0,2.0,2.0,2.2715523949578253,2.173795477098274,2.173795477098274,2.2715523949578253,2.3340523949578253,27.5,-0.3454876025434115,2.193073075859253,3.0
2548,8,3.0,1.0,1.0,1.0,1.670743460838465,1.670743460838465,1.670743460838465,1.670743460838465,33.125,0.03982074378345704,1.6773964855666583,2.0
2549,8,1.0,1.0,1.0,1.0,1.0000000000000007,1.0000000000000007,1.0000000000000007,1.0000000000000007,29.0,-0.24273871018957985,0.9757261289810427,2.0
2550,8,2.0,1.0,1.0,1.0,1.3051832994395864,1.3051832994395864,1.3051832994395864,1.3051832994395864,13.5,-1.3044772645125065,1.1349251054255505,2.0
2551,8,3.0,2.0,2.0,2.2715523949578253,1.5596988671199181,2.0,2.2715523949578253,2.3340523949578253,14.0,-1.270227633727896,1.983013532604204,3.0
2552,8,5.0,2.0,2.0,2.2715523949578253,1.803191625799478,2.0,2.2715523949578253,2.3340523949578253,33.75,0.0826327822642202,2.290322864403257,3.0
2553,8,2.0,2.0,2.0,2.0,2.050469643811153,2.050469643811153,2.050469643811153,2.112969643811153,26.25,-0.4311116795049378,1.9620715026194213,3.0
2554,8,3.0,1.0,1.0,1.0,1.3903821441495263,1.3903821441495263,1.3903821441495263,1.3903821441495263,22.875,-0.662296687301059,1.2982975953342488,2.0
2555,8,28.0,6.0,16.0,8.84648183982432,6.776528863792278,16.0,8.84648183982432,9.15898183982432,60.375,1.906425621544731,10.532997803821445,9.0
2556,8,2.0,1.0,1.0,1.0,1.1536212255311624,1.1536212255311624,1.1536212255311624,1.1536212255311624,15.5,-1.1674787413740644,1.0189383998906099,2.0
2557,8,2.0,1.0,1.0,1.0,1.2523205995254192,1.2523205995254192,1.2523205995254192,1.2523205995254192,25.375,-0.49104853337800625,1.1908255801538168,2.0
2558,8,8.0,3.0,3.0,3.407328592436738,1.946034815363883,3.0,3.407328592436738,3.532328592436738,48.25,1.0758720750179256,3.77391356073802,4.0
2559,8,4.0,2.0,2.2857142857142856,2.1375579585356257,1.551977328377605,2.2857142857142856,2.1375579585356257,2.2000579585356257,28.75,-0.25986352558188514,2.0820106238115574,3.0
2560,8,4.0,2.0,2.2857142857142856,2.1375579585356257,2.4999478134563806,2.4999478134563806,2.4999478134563806,2.5624478134563806,15.25,-1.1846035567663695,2.203803106301307,3.0
2561,8,8.0,3.0,3.4285714285714284,3.676009769735622,3.8592121086319366,3.8592121086319366,3.8592121086319366,3.9842121086319366,34.75,0.15113204383344128,3.9175371699883677,4.0
2562,8,1.0,1.0,1.0,1.0,1.2968727489039193,1.2968727489039193,1.2968727489039193,1.2968727489039193,15.625,-1.1589163336779116,1.1465760477632667,2.0
2563,8,11.0,4.0,4.571428571428571,5.74252713155054,4.455245730503078,4.571428571428571,5.74252713155054,5.93002713155054,44.5,0.8189998441333467,6.212840014117681,6.0
2564,8,1.0,1.0,1.0,1.0,1.8213500041851325,1.8213500041851325,1.8213500041851325,1.8213500041851325,34.75,0.15113204383344128,1.8488764390519872,2.0
2565,8,4.0,1.0,1.0,1.0,1.636492882586105,1.636492882586105,1.636492882586105,1.636492882586105,21.375,-0.7650455796548905,1.511293717990186,2.0
2566,8,5.0,2.0,2.2857142857142856,2.1375579585356257,1.8141546419713046,2.2857142857142856,2.1375579585356257,2.2000579585356257,39.375,0.4679411285910887,2.2375830868902282,3.0
2567,8,3.0,1.0,1.0,1.0,1.1830225080645334,1.1830225080645334,1.1830225080645334,1.1830225080645334,19.125,-0.919168918185638,1.0742827561718395,2.0
2568,8,3.0,1.0,1.0,1.0,3.303951981422139,3.303951981422139,3.303951981422139,3.303951981422139,31.0,-0.10574018705113773,3.269015931369784,4.0
2569,8,5.0,1.0,1.0,1.0,1.5885947359603496,1.5885947359603496,1.5885947359603496,1.5885947359603496,22.5,-0.6879839103895168,1.4793019741133293,2.0
2570,8,1.0,1.0,1.0,1.0,1.1532712749183247,1.1532712749183247,1.1532712749183247,1.1532712749183247,26.0,-0.44823649489724304,1.1015774475248183,2.0
2571,8,4.0,1.0,1.0,1.0,1.54747984083661,1.54747984083661,1.54747984083661,1.54747984083661,18.625,-0.9534185489702485,1.3999402423954947,2.0
2572,8,2.0,1.0,1.0,1.0,1.0000000000000004,1.0000000000000004,1.0000000000000004,1.0000000000000004,17.0,-1.0647298490202326,0.8935270150979772,2.0
2573,8,12.0,4.0,4.571428571428571,5.74252713155054,3.038825674512714,4.571428571428571,5.74252713155054,5.93002713155054,54.25,1.486867644433252,6.596364910468799,6.0
2574,8,4.0,2.0,2.0,2.0,2.132251046841371,2.132251046841371,2.132251046841371,2.194751046841371,35.375,0.19394408231420446,2.1736047940956857,3.0
2575,8,9.0,2.0,2.2857142857142856,2.1375579585356257,2.0021451742305603,2.2857142857142856,2.1375579585356257,2.2000579585356257,54.5,1.5039924598255574,2.459045063743395,3.0
2576,8,3.0,2.0,2.0,2.0,2.6307791394847717,2.6307791394847717,2.6307791394847717,2.6932791394847717,33.625,0.07407037456806757,2.650265419111521,3.0
2577,8,16.0,3.0,3.4285714285714284,3.2063369378034388,4.191215170303447,4.191215170303447,4.191215170303447,4.316215170303447,65.375,2.2489219293908365,5.1337867410325435,5.0
2578,8,13.0,5.0,8.0,7.273821453226307,5.5979956453389494,8.0,7.273821453226307,7.523821453226307,55.875,1.5981789444832364,8.436308282473982,8.0
2579,8,17.0,4.0,5.333333333333333,5.320921844268105,4.905949432372063,5.333333333333333,5.320921844268105,5.508421844268105,60.375,1.906425621544731,6.335316017683081,6.0
2580,8,5.0,2.0,2.0,2.2715523949578253,1.8557908049300034,2.0,2.2715523949578253,2.3340523949578253,32.375,-0.011553702393458758,2.2689279109235763,3.0
2581,8,2.0,1.0,1.0,1.0,1.3281151751791542,1.3281151751791542,1.3281151751791542,1.3281151751791542,35.125,0.17681926692189917,1.351598810345457,2.0
2582,8,1.0,1.0,1.0,1.0,1.2947651388932422,1.2947651388932422,1.2947651388932422,1.2947651388932422,8.125,-1.6726607954470696,1.0781948501794116,2.0
2583,8,5.0,2.0,2.0,2.0,1.7302118348634048,2.0,2.0,2.0625,23.875,-0.5937974257318378,1.8812405148536324,2.0
2584,8,9.0,4.0,4.571428571428571,5.74252713155054,3.0920936002754447,4.571428571428571,5.74252713155054,5.93002713155054,46.875,0.9816855903602467,6.306262745280132,6.0
2585,8,21.0,4.0,4.571428571428571,5.74252713155054,4.384647514224005,4.571428571428571,5.74252713155054,5.93002713155054,62.875,2.0776737754677836,6.93563693416402,6.0
2586,8,3.0,1.0,1.0,1.0,1.2997126665998433,1.2997126665998433,1.2997126665998433,1.2997126665998433,12.625,-1.364414118385575,1.1223780353845043,2.0
2587,8,3.0,1.0,1.0,1.0,1.0000000000000024,1.0000000000000024,1.0000000000000024,1.0000000000000024,14.0,-1.270227633727896,0.8729772366272125,2.0
2588,8,9.0,2.0,2.2857142857142856,2.1375579585356257,2.2513723712864087,2.2857142857142856,2.2513723712864087,2.3138723712864087,35.75,0.21963130540266235,2.300819556571721,3.0
2589,8,4.0,3.0,4.0,3.443153522546566,2.0131574979922275,4.0,3.443153522546566,3.568153522546566,45.25,0.8703742903102625,3.742836752908141,4.0
2590,8,3.0,1.0,1.0,1.0,1.388438114942384,1.388438114942384,1.388438114942384,1.388438114942384,22.125,-0.7136711334779747,1.2893492946168885,2.0
2591,8,7.0,1.0,1.0,1.0,3.3644294693616867,3.3644294693616867,3.3644294693616867,3.3644294693616867,56.25,1.6238661675716943,3.91076778820945,4.0
2592,8,1.0,1.0,1.0,1.0,1.0004702291239054,1.0004702291239054,1.0004702291239054,1.0004702291239054,18.375,-0.9705433643625537,0.9033702549120564,2.0
2593,8,3.0,1.0,1.0,1.0,1.6777690461522465,1.6777690461522465,1.6777690461522465,1.6777690461522465,40.375,0.5364403901603098,1.7677713543239266,2.0
2594,8,17.0,4.0,5.333333333333333,5.320921844268105,3.5873560614071542,5.333333333333333,5.320921844268105,5.508421844268105,41.5,0.6135020594256835,5.647361495218265,6.0
2595,8,6.0,1.0,1.0,1.0,1.0000000000000013,1.0000000000000013,1.0000000000000013,1.0000000000000013,22.875,-0.662296687301059,0.9337703312698953,2.0
2596,8,1.0,1.0,1.0,1.0,1.1513493658315954,1.1513493658315954,1.1513493658315954,1.1513493658315954,15.5,-1.1674787413740644,1.0169317749813056,2.0
2597,8,4.0,1.0,1.0,1.0,1.6515579000565601,1.6515579000565601,1.6515579000565601,1.6515579000565601,21.625,-0.7479207642625852,1.5280344553731389,2.0
2598,8,22.0,5.0,6.666666666666667,9.753057789243005,5.608140785797615,6.666666666666667,9.753057789243005,10.003057789243005,55.0,1.538242090610168,11.253314189599699,10.0
2599,8,9.0,2.0,2.0,2.2715523949578253,3.9458648056254977,3.9458648056254977,3.9458648056254977,4.008364805625497,51.75,1.3156194905101994,4.464990470145413,4.0
2600,8,3.0,1.0,1.0,1.0,1.0000000000000013,1.0000000000000013,1.0000000000000013,1.0000000000000013,22.0,-0.7222335411741273,0.9277766458825885,2.0
2601,8,4.0,2.0,2.2857142857142856,2.1375579585356257,2.326349316027932,2.326349316027932,2.326349316027932,2.388849316027932,29.625,-0.1999266717088167,2.279839388429377,3.0
2602,8,4.0,1.0,1.0,1.0,1.4340139093498345,1.4340139093498345,1.4340139093498345,1.4340139093498345,26.25,-0.4311116795049378,1.3721918948605096,2.0
2603,8,5.0,3.0,3.4285714285714284,3.2063369378034388,3.0178331553104436,3.4285714285714284,3.2063369378034388,3.3313369378034388,26.125,-0.4396740872010904,3.065362611164652,4.0
2604,8,4.0,1.0,1.0,1.0,1.0405613158393026,1.0405613158393026,1.0405613158393026,1.0405613158393026,29.5,-0.20848907940496933,1.0188667487589265,2.0
2605,8,6.0,2.0,2.2857142857142856,2.1375579585356257,4.228992104710783,4.228992104710783,4.228992104710783,4.291492104710783,37.875,0.3651922362372571,4.383431613085687,5.0
2606,8,4.0,2.0,2.2857142857142856,2.1375579585356257,2.4796379014998617,2.4796379014998617,2.4796379014998617,2.5421379014998617,12.75,-1.3558517106894221,2.14343577243597,3.0
2607,8,24.0,6.0,12.0,11.916610568939126,5.49626605589311,12.0,11.916610568939126,12.229110568939126,66.25,2.3088587832639047,14.667987666822183,12.0
2608,8,4.0,2.0,2.0,2.2715523949578253,1.7225487379665765,2.0,2.2715523949578253,2.3340523949578253,37.875,0.3651922362372571,2.3545077248423,3.0
2609,8,3.0,1.0,1.0,1.0,1.0095233157470989,1.0095233157470989,1.0095233157470989,1.0095233157470989,21.25,-0.7736079873510431,0.9314257856991923,2.0
2610,8,9.0,4.0,6.4,4.95698923699541,3.570251497483573,6.4,4.95698923699541,5.14448923699541,24.75,-0.5338605718587695,4.692355126119397,5.0
2611,8,14.0,5.0,6.666666666666667,9.753057789243005,3.6564350940752632,6.666666666666667,9.753057789243005,10.003057789243005,50.375,1.2214330058525205,10.944328458419848,10.0
2612,8,7.0,3.0,3.4285714285714284,3.676009769735622,3.282440212831463,3.4285714285714284,3.676009769735622,3.801009769735622,52.125,1.3413067135986574,4.169075428075686,4.0
2613,8,3.0,2.0,2.0,2.0,3.5835083074644762,3.5835083074644762,3.5835083074644762,3.6460083074644762,40.375,0.5364403901603098,3.7757421669243714,4.0
2614,8,2.0,1.0,1.0,1.0,1.0273863483350283,1.0273863483350283,1.0273863483350283,1.0273863483350283,22.25,-0.705108725781822,0.9549444404390132,2.0
2615,8,3.0,2.0,2.0,2.2715523949578253,1.4917484735777071,2.0,2.2715523949578253,2.3340523949578253,28.75,-0.25986352558188514,2.2125230335680537,3.0
2616,8,9.0,3.0,3.4285714285714284,3.676009769735622,2.550359360911078,3.4285714285714284,3.676009769735622,3.801009769735622,43.625,0.7590629902602782,3.9550420665397734,4.0
2617,8,5.0,4.0,4.571428571428571,5.74252713155054,4.256653355817121,4.571428571428571,5.74252713155054,5.93002713155054,32.0,-0.03724092548191666,5.721141429052144,6.0
2618,8,4.0,2.0,2.0,2.0,2.201328575445954,2.201328575445954,2.201328575445954,2.263828575445954,25.75,-0.4653613102895483,2.0988872604212188,3.0
2619,8,7.0,1.0,1.0,1.0,1.773762169076559,1.773762169076559,1.773762169076559,1.773762169076559,36.5,0.2710057515795781,1.8218321440519607,2.0
2620,8,2.0,1.0,1.0,1.0,1.4307768353114132,1.4307768353114132,1.4307768353114132,1.4307768353114132,47.5,1.02449762884101,1.577359582829132,2.0
2621,8,1.0,1.0,1.0,1.0,1.0001634505574089,1.0001634505574089,1.0001634505574089,1.0001634505574089,17.125,-1.05616744132408,0.8945294433093006,2.0
2622,8,4.0,2.0,2.2857142857142856,2.1375579585356257,2.1467188700739985,2.2857142857142856,2.1467188700739985,2.2092188700739985,38.25,0.390879459325715,2.230629701199882,3.0
2623,8,1.0,1.0,1.0,1.0,1.0000000000000004,1.0000000000000004,1.0000000000000004,1.0000000000000004,14.25,-1.2531028183355906,0.8746897181664413,2.0
2624,8,3.0,2.0,2.2857142857142856,2.1375579585356257,2.2708561939418788,2.2857142857142856,2.2708561939418788,2.3333561939418788,29.375,-0.21705148710112196,2.221566922553091,3.0
2625,8,8.0,3.0,3.4285714285714284,3.676009769735622,4.129268195528018,4.129268195528018,4.129268195528018,4.254268195528018,43.0,0.716250951779515,4.425027423048001,5.0
2626,8,10.0,4.0,6.4,4.95698923699541,4.532951878943441,6.4,4.95698923699541,5.14448923699541,37.375,0.3309426054526466,5.121037130324609,5.0
2627,8,2.0,2.0,2.2857142857142856,2.1375579585356257,1.8382735285267993,2.2857142857142856,2.1375579585356257,2.2000579585356257,23.75,-0.6023598334279905,2.008800052951006,3.0
2628,8,17.0,4.0,5.333333333333333,4.590871363395421,3.5151040732198213,5.333333333333333,4.590871363395421,4.778371363395421,63.5,2.120485813948547,5.564359123369683,5.0
2629,8,1.0,1.0,1.0,1.0,1.3141069882938998,1.3141069882938998,1.3141069882938998,1.3141069882938998,10.625,-1.501412641524017,1.1168053038399484,2.0
2630,8,9.0,4.0,4.571428571428571,5.74252713155054,3.569874375094163,4.571428571428571,5.74252713155054,5.93002713155054,34.875,0.1596944515295939,5.834232103617217,6.0
2631,8,12.0,4.0,4.571428571428571,5.74252713155054,4.199087843784721,4.571428571428571,5.74252713155054,5.93002713155054,52.5,1.3669939366871153,6.5275271085596245,6.0
2632,8,3.0,1.0,1.0,1.0,1.4543483280146798,1.4543483280146798,1.4543483280146798,1.4543483280146798,24.25,-0.56811020264338,1.3717253156804317,2.0
2633,8,1.0,1.0,1.0,1.0,1.2819171221547483,1.2819171221547483,1.2819171221547483,1.2819171221547483,18.75,-0.9448561412740958,1.1607943956075155,2.0
2634,8,3.0,1.0,1.0,1.0,1.5522434525266737,1.5522434525266737,1.5522434525266737,1.5522434525266737,27.375,-0.3540500102395641,1.4972862715005373,2.0
2635,8,4.0,1.0,1.0,1.0,1.3003933691187624,1.3003933691187624,1.3003933691187624,1.3003933691187624,22.875,-0.662296687301059,1.2142687470632003,2.0
2636,8,1.0,1.0,1.0,1.0,1.6047489750682464,1.6047489750682464,1.6047489750682464,1.6047489750682464,24.625,-0.542422979554922,1.5177037030188238,2.0
2637,8,5.0,2.0,2.0,2.0,2.2753512830676943,2.2753512830676943,2.2753512830676943,2.3378512830676943,39.625,0.485065943983394,2.3857208248692,3.0
2638,8,5.0,2.0,2.0,2.2715523949578253,2.071154212420537,2.071154212420537,2.2715523949578253,2.3340523949578253,44.625,0.8275622518294993,2.4595374964698244,3.0
2639,8,1.0,1.0,1.0,1.0,1.0000000000000004,1.0000000000000004,1.0000000000000004,1.0000000000000004,19.625,-0.8849192874010273,0.9115080712598977,2.0
2640,8,14.0,4.0,4.571428571428571,5.74252713155054,4.515601727312998,4.571428571428571,5.74252713155054,5.93002713155054,58.25,1.7608646907101364,6.753708457689772,6.0
2641,8,13.0,3.0,3.0,3.9426460859987684,3.0322606624270225,3.0322606624270225,3.9426460859987684,4.067646085998769,39.625,0.485065943983394,4.133890420548511,4.0
2642,8,14.0,2.0,2.0,2.2715523949578253,2.01397424742014,2.01397424742014,2.2715523949578253,2.3340523949578253,45.75,0.904623921094873,2.477042458407745,3.0
2643,8,7.0,4.0,4.571428571428571,5.74252713155054,3.757341397324362,4.571428571428571,5.74252713155054,5.93002713155054,61.0,1.9492376600254944,6.86188214640419,6.0
2644,8,4.0,1.0,1.0,1.0,1.4811991209101587,1.4811991209101587,1.4811991209101587,1.4811991209101587,18.125,-0.987668179754859,1.3349057969497753,2.0
2645,8,1.0,1.0,1.0,1.0,1.303305046641902,1.303305046641902,1.303305046641902,1.303305046641902,11.75,-1.4243509722586434,1.117668665608503,2.0
2646,8,3.0,1.0,1.0,1.0,1.6488905011224007,1.6488905011224007,1.6488905011224007,1.6488905011224007,14.125,-1.2616652260317431,1.440855720442382,2.0
2647,8,8.0,2.0,2.0,2.2715523949578253,2.3568326170002267,2.3568326170002267,2.3568326170002267,2.4193326170002267,45.25,0.8703742903102625,2.561965268640392,3.0
2648,8,1.0,1.0,1.0,1.0,1.2015310980858178,1.2015310980858178,1.2015310980858178,1.2015310980858178,21.625,-0.7479207642625852,1.111666092369257,2.0
2649,8,5.0,3.0,3.4285714285714284,3.676009769735622,2.530321242615535,3.4285714285714284,3.676009769735622,3.801009769735622,22.125,-0.7136711334779747,3.413663563831289,4.0
2650,8,8.0,1.0,1.0,1.0,1.8746341072828367,1.8746341072828367,1.8746341072828367,1.8746341072828367,21.75,-0.7393583565664326,1.7360314680104347,2.0
2651,8,2.0,1.0,1.0,1.0,1.3648552612050984,1.3648552612050984,1.3648552612050984,1.3648552612050984,39.75,0.4936283516795466,1.4322283864920815,2.0
2652,8,13.0,4.0,4.571428571428571,5.74252713155054,5.677776331247898,5.677776331247898,5.74252713155054,5.93002713155054,46.125,0.9303111441833309,6.276760830176201,6.0
2653,8,4.0,1.0,1.0,1.0,1.6203547227423143,1.6203547227423143,1.6203547227423143,1.6203547227423143,25.375,-0.49104853337800625,1.5407874417268403,2.0
2654,8,13.0,3.0,3.0,3.9426460859987684,3.072317758595723,3.072317758595723,3.9426460859987684,4.067646085998769,66.625,2.3345460063523626,4.863074953451688,4.0
2655,8,20.0,6.0,12.0,11.916610568939126,6.978292193953047,12.0,11.916610568939126,12.229110568939126,61.625,1.9920496985062575,14.290458618046292,12.0
2656,8,8.0,3.0,3.4285714285714284,3.2063369378034388,3.571853284656659,3.571853284656659,3.571853284656659,3.696853284656659,43.625,0.7590629902602782,3.842979448158907,4.0
2657,8,8.0,2.0,2.0,2.0,1.5758908674392533,2.0,2.0,2.0625,21.25,-0.7736079873510431,1.8452784025297913,2.0
2658,8,5.0,3.0,3.4285714285714284,3.676009769735622,2.5889073836098966,3.4285714285714284,3.676009769735622,3.801009769735622,17.75,-1.013355402843317,3.3034993336289813,4.0
2659,8,11.0,3.0,3.0,3.407328592436738,3.2787247322114816,3.2787247322114816,3.407328592436738,3.532328592436738,24.25,-0.56811020264338,3.213754778724556,4.0
2660,8,5.0,1.0,1.0,1.0,1.3484206535602077,1.3484206535602077,1.3484206535602077,1.3484206535602077,42.25,0.6648765056025993,1.4380739747823559,2.0
2661,8,4.0,2.0,2.2857142857142856,2.1375579585356257,2.033618280404265,2.2857142857142856,2.1375579585356257,2.2000579585356257,26.625,-0.4054244564164799,2.050896131195823,3.0
2662,8,10.0,3.0,3.0,3.9426460859987684,2.9612132862999183,3.0,3.9426460859987684,4.067646085998769,35.125,0.17681926692189917,4.012359665064648,4.0
2663,8,13.0,3.0,3.0,3.9426460859987684,2.1178809402074172,3.0,3.9426460859987684,4.067646085998769,41.75,0.6306268748179887,4.191279943971446,4.0
2664,8,11.0,3.0,3.4285714285714284,3.676009769735622,3.025964383928968,3.4285714285714284,3.676009769735622,3.801009769735622,35.375,0.19394408231420446,3.747303803872564,4.0
2665,8,1.0,1.0,1.0,1.0,1.5723039284396783,1.5723039284396783,1.5723039284396783,1.5723039284396783,25.375,-0.49104853337800625,1.4950961746312,2.0
2666,8,2.0,2.0,2.0,2.0,2.840434771506184,2.840434771506184,2.840434771506184,2.902934771506184,15.375,-1.176041149070217,2.506387954252071,3.0
2667,8,2.0,2.0,2.0,2.2715523949578253,2.8356166435322923,2.8356166435322923,2.8356166435322923,2.8981166435322923,30.0,-0.17423944862035878,2.786209015485514,3.0
2668,8,2.0,1.0,1.0,1.0,1.003520282292197,1.003520282292197,1.003520282292197,1.003520282292197,18.875,-0.9362937335779432,0.9095613071093417,2.0
2669,8,2.0,2.0,2.0,2.0,2.296887466291887,2.296887466291887,2.296887466291887,2.359387466291887,20.25,-0.8421072489202642,2.103464907760037,3.0
2670,8,6.0,2.0,2.0,2.2715523949578253,2.563052319940459,2.563052319940459,2.563052319940459,2.625552319940459,49.25,1.1443713365871468,2.856360680851764,3.0
2671,8,3.0,1.0,1.0,1.0,1.5304800133824197,1.5304800133824197,1.5304800133824197,1.5304800133824197,33.5,0.06550796687191494,1.540505876783898,2.0
2672,8,2.0,1.0,1.0,1.0,1.15817346441075,1.15817346441075,1.15817346441075,1.15817346441075,16.75,-1.081854664412538,1.0328759279435902,2.0
2673,8,4.0,3.0,4.0,3.443153522546566,2.8916599813418458,4.0,3.443153522546566,3.568153522546566,32.375,-0.011553702393458758,3.439175405437117,4.0
2674,8,2.0,2.0,2.2857142857142856,2.1375579585356257,1.997278527086257,2.2857142857142856,2.1375579585356257,2.2000579585356257,24.375,-0.5595477949472273,2.0179513743085753,3.0
2675,8,5.0,2.0,2.2857142857142856,2.1375579585356257,2.6052125765535865,2.6052125765535865,2.6052125765535865,2.6677125765535865,22.375,-0.6965463180856695,2.4237474537506984,3.0
2676,8,17.0,2.0,2.0,2.2715523949578253,2.5266063027790295,2.5266063027790295,2.5266063027790295,2.5891063027790295,60.875,1.9406752523293416,3.0169385351972897,3.0
2677,8,7.0,1.0,1.0,1.0,1.5816417474579048,1.5816417474579048,1.5816417474579048,1.5816417474579048,15.75,-1.150353925981759,1.3996969680894196,2.0
2678,8,25.0,8.0,inf,16.488822500558356,7.523574784489289,7.523574784489289,16.488822500558356,16.926322500558356,56.875,1.6666782060524574,19.23697861107316,17.0
2679,8,12.0,4.0,5.333333333333333,5.320921844268105,3.7954112240511595,5.333333333333333,5.320921844268105,5.508421844268105,39.5,0.47650353628724135,5.574465651778283,6.0
2680,8,2.0,2.0,2.0,2.0,2.0993138725846654,2.0993138725846654,2.0993138725846654,2.1618138725846654,24.0,-0.5852350180356852,1.9764546733762003,3.0
2681,8,3.0,1.0,1.0,1.0,1.2554818104478962,1.2554818104478962,1.2554818104478962,1.2554818104478962,17.375,-1.0390426259317749,1.12503189873416,2.0
2682,8,3.0,2.0,2.0,2.2715523949578253,1.7753199907667663,2.0,2.2715523949578253,2.3340523949578253,16.375,-1.107541887500996,2.0199684522509256,3.0
2683,8,13.0,5.0,6.666666666666667,9.753057789243005,5.117305032223973,6.666666666666667,9.753057789243005,10.003057789243005,55.625,1.581054129090931,11.295069018137518,10.0
2684,8,10.0,4.0,5.333333333333333,5.320921844268105,5.178079093900998,5.333333333333333,5.320921844268105,5.508421844268105,69.625,2.540043791060026,6.6724592935929925,6.0
2685,8,8.0,3.0,3.4285714285714284,3.2063369378034388,3.2298272664064047,3.4285714285714284,3.2298272664064047,3.3548272664064047,46.875,0.9816855903602467,3.546894755084784,4.0
2686,8,2.0,1.0,1.0,1.0,1.2554729770003372,1.2554729770003372,1.2554729770003372,1.2554729770003372,18.125,-0.987668179754859,1.1314739060078034,2.0
2687,8,2.0,1.0,1.0,1.0,2.2329141693413925,2.2329141693413925,2.2329141693413925,2.2329141693413925,36.125,0.24531852849112024,2.287691691168373,3.0
2688,8,9.0,2.0,2.0,2.2715523949578253,3.2544644264287093,3.2544644264287093,3.2544644264287093,3.3169644264287093,61.875,2.0091745138985626,3.9083431246257154,4.0
2689,8,9.0,3.0,3.0,3.9426460859987684,4.285936786457507,4.285936786457507,4.285936786457507,4.410936786457507,39.375,0.4679411285910887,4.4864933961500055,5.0
2690,8,3.0,2.0,2.0,2.0,2.0208738369670343,2.0208738369670343,2.0208738369670343,2.0833738369670343,28.0,-0.3112379717588009,1.9579765695472298,3.0
2691,8,2.0,1.0,1.0,1.0,1.5494547098677356,1.5494547098677356,1.5494547098677356,1.5494547098677356,21.0,-0.7907328027433485,1.426934243321976,2.0
2692,8,2.0,1.0,1.0,1.0,1.7178417786519957,1.7178417786519957,1.7178417786519957,1.7178417786519957,27.0,-0.379737233328022,1.6526089302199358,2.0
2693,8,4.0,1.0,1.0,1.0,1.3749429168889764,1.3749429168889764,1.3749429168889764,1.3749429168889764,24.125,-0.5766726103395325,1.2956537247939548,2.0
2694,8,8.0,3.0,3.0,3.407328592436738,3.613347249876355,3.613347249876355,3.613347249876355,3.738347249876355,41.0,0.579252428641073,3.8226512668777968,4.0
2695,8,3.0,3.0,3.0,3.9426460859987684,1.2608157010981067,3.0,3.9426460859987684,4.067646085998769,22.75,-0.6708590949972115,3.6781500874840254,4.0
2696,8,6.0,3.0,3.0,3.9426460859987684,2.9489907282587895,3.0,3.9426460859987684,4.067646085998769,18.125,-0.987668179754859,3.553243477681166,4.0
2697,8,7.0,3.0,3.4285714285714284,3.676009769735622,2.4829849271835807,3.4285714285714284,3.676009769735622,3.801009769735622,52.75,1.3841187520794205,4.184813175247444,4.0
2698,8,12.0,3.0,3.0,3.9426460859987684,2.80564939992257,3.0,3.9426460859987684,4.067646085998769,42.625,0.6905637286910572,4.21491092420442,4.0
2699,8,3.0,2.0,2.2857142857142856,2.1375579585356257,1.8575719781994118,2.2857142857142856,2.1375579585356257,2.2000579585356257,8.875,-1.621286349270154,1.7909986046408668,3.0
2700,8,21.0,7.0,28.0,14.160351404155936,5.447800771700852,28.0,14.160351404155936,14.535351404155936,74.625,2.8825400989061314,18.24212947786406,15.0
2701,8,1.0,1.0,1.0,1.0,1.0000000000000016,1.0000000000000016,1.0000000000000016,1.0000000000000016,8.0,-1.6812232031432224,0.831877679685679,2.0
2702,8,15.0,3.0,3.4285714285714284,3.676009769735622,4.166303177568427,4.166303177568427,4.166303177568427,4.291303177568427,62.375,2.0434241446831733,5.017655628279782,5.0
2703,8,1.0,1.0,1.0,1.0,1.4276763905666865,1.4276763905666865,1.4276763905666865,1.4276763905666865,13.0,-1.338726895297117,1.236549512383453,2.0
2704,8,4.0,2.0,2.0,2.0,2.1830581568075385,2.1830581568075385,2.1830581568075385,2.2455581568075385,29.625,-0.1999266717088167,2.139413001663807,3.0
2705,8,2.0,1.0,1.0,1.0,1.434948756374318,1.434948756374318,1.434948756374318,1.434948756374318,18.0,-0.9962305874510116,1.2919947721218294,2.0
2706,8,5.0,3.0,4.0,3.443153522546566,2.9893231199350065,4.0,3.443153522546566,3.568153522546566,26.375,-0.42254927180878515,3.2976633211787756,4.0
2707,8,3.0,2.0,2.0,2.0,2.0038986662185634,2.0038986662185634,2.0038986662185634,2.0663986662185634,23.875,-0.5937974257318378,1.8849076792757586,3.0
2708,8,6.0,2.0,2.0,2.0,2.120486206186834,2.120486206186834,2.120486206186834,2.182986206186834,45.875,0.9131863287910257,2.3141261075748107,3.0
2709,8,14.0,5.0,10.0,6.733203485052171,5.915425314690099,10.0,6.733203485052171,6.983203485052171,43.75,0.7676253979564309,7.250061285525652,7.0
2710,8,17.0,4.0,4.571428571428571,5.74252713155054,5.2650578323979245,5.2650578323979245,5.74252713155054,5.93002713155054,54.875,1.5296796829140153,6.620949839722076,6.0
2711,8,2.0,1.0,1.0,1.0,1.148816410003599,1.148816410003599,1.148816410003599,1.148816410003599,21.125,-0.7821703950471958,1.0589593914786772,2.0
2712,8,2.0,2.0,2.0,2.0,1.9859271250800408,2.0,2.0,2.0625,23.0,-0.6537342796049063,1.8692531440790188,2.0
2713,8,16.0,3.0,4.0,3.443153522546566,3.6689705537473842,4.0,3.6689705537473842,3.7939705537473842,64.625,2.1975474832139206,4.475244254384739,4.0
2714,8,8.0,2.0,2.0,2.0,2.1976670086809436,2.1976670086809436,2.1976670086809436,2.2601670086809436,45.25,0.8703742903102625,2.388946294982839,3.0
2715,8,2.0,1.0,1.0,1.0,1.000151500070736,1.000151500070736,1.000151500070736,1.000151500070736,13.375,-1.313039672208659,0.8688276402895482,2.0
2716,8,5.0,2.0,2.2857142857142856,2.1375579585356257,2.1623152953471885,2.2857142857142856,2.1623152953471885,2.2248152953471885,28.5,-0.2769883409741904,2.1024216827150553,3.0
2717,8,3.0,2.0,2.0,2.0,2.3287311345010306,2.3287311345010306,2.3287311345010306,2.3912311345010306,20.875,-0.799295210439501,2.1425967702802287,3.0
2718,8,2.0,2.0,2.0,2.0,1.5026921887187972,2.0,2.0,2.0625,37.0,0.3052553823641887,2.061051076472838,2.0
2719,8,2.0,2.0,2.0,2.0,1.9433013239995283,2.0,2.0,2.0625,39.75,0.4936283516795466,2.0987256703359094,2.0
2720,8,1.0,1.0,1.0,1.0,1.0000000000000013,1.0000000000000013,1.0000000000000013,1.0000000000000013,16.75,-1.081854664412538,0.8918145335587474,2.0
2721,8,2.0,1.0,1.0,1.0,1.353134638179637,1.353134638179637,1.353134638179637,1.353134638179637,16.875,-1.0732922567163854,1.2079037452343437,2.0
2722,8,12.0,3.0,3.0,3.9426460859987684,2.4725988487748367,3.0,3.9426460859987684,4.067646085998769,51.25,1.281369859725589,4.447844872215157,4.0
2723,8,17.0,3.0,3.0,3.9426460859987684,4.396373872951873,4.396373872951873,4.396373872951873,4.521373872951873,39.0,0.44225390550263083,4.590805224488143,5.0
2724,8,3.0,1.0,1.0,1.0,1.589374647650565,1.589374647650565,1.589374647650565,1.589374647650565,30.5,-0.13998981783574826,1.5671250209108292,2.0
2725,8,2.0,2.0,2.0,2.0,1.9602678557076119,2.0,2.0,2.0625,20.0,-0.8592320643125695,1.828153587137486,2.0
2726,8,6.0,2.0,2.2857142857142856,2.1375579585356257,2.012431880722665,2.2857142857142856,2.1375579585356257,2.2000579585356257,32.25,-0.02011611008961139,2.133258023413943,3.0
2727,8,10.0,3.0,3.0,3.407328592436738,3.0057457964698786,3.0057457964698786,3.407328592436738,3.532328592436738,54.0,1.4697428290409469,3.908118268928746,4.0
2728,8,2.0,1.0,1.0,1.0,1.3001249212028658,1.3001249212028658,1.3001249212028658,1.3001249212028658,19.0,-0.9277313258817905,1.1795082595069164,2.0
2729,8,2.0,2.0,2.2857142857142856,2.1375579585356257,1.4484148746426881,2.2857142857142856,2.1375579585356257,2.2000579585356257,15.875,-1.1417915182856064,1.8934934038456384,3.0
2730,8,5.0,1.0,1.0,1.0,1.8099383915649918,1.8099383915649918,1.8099383915649918,1.8099383915649918,54.875,1.5296796829140153,2.0868009900552957,2.0
2731,8,4.0,1.0,1.0,1.0,1.442218383660538,1.442218383660538,1.442218383660538,1.442218383660538,29.125,-0.23417630249342722,1.4084450468131708,2.0
2732,8,1.0,1.0,1.0,1.0,1.9405966190432498,1.9405966190432498,1.9405966190432498,1.9405966190432498,33.25,0.04838315147960968,1.9499858370612486,2.0
2733,8,3.0,1.0,1.0,1.0,1.2214918119061293,1.2214918119061293,1.2214918119061293,1.2214918119061293,15.75,-1.150353925981759,1.0809770217680503,2.0
2734,8,14.0,5.0,8.0,7.273821453226307,5.452366183994338,8.0,7.273821453226307,7.523821453226307,55.0,1.538242090610168,8.3927112851199,8.0
2735,8,16.0,3.0,3.0,3.407328592436738,4.4971038853029555,4.4971038853029555,4.4971038853029555,4.6221038853029555,50.0,1.1957457827640625,5.034843185853244,5.0
2736,8,2.0,2.0,2.0,2.2715523949578253,2.266665748722902,2.266665748722902,2.2715523949578253,2.3340523949578253,39.875,0.5021907593756992,2.3856276571763813,3.0
2737,8,5.0,3.0,3.0,3.407328592436738,2.435606763970263,3.0,3.407328592436738,3.532328592436738,29.875,-0.1828018563165114,3.345041993258962,4.0
2738,8,13.0,3.0,3.4285714285714284,3.2063369378034388,2.239218338195392,3.4285714285714284,3.2063369378034388,3.3313369378034388,44.375,0.810437436437194,3.4661904866261692,4.0
2739,8,2.0,1.0,1.0,1.0,1.921683264262385,1.921683264262385,1.921683264262385,1.921683264262385,28.0,-0.3112379717588009,1.8618731841091993,2.0
2740,8,3.0,1.0,1.0,1.0,1.5940315756054324,1.5940315756054324,1.5940315756054324,1.5940315756054324,23.75,-0.6023598334279905,1.498013516169368,2.0
2741,8,4.0,2.0,2.0,2.0,2.2275763475541286,2.2275763475541286,2.2275763475541286,2.2900763475541286,64.5,2.188985075517768,2.7151894854913654,3.0
2742,8,2.0,2.0,2.0,2.0,1.4221853209719473,2.0,2.0,2.0625,30.75,-0.12286500244344299,1.9754269995113114,2.0
2743,8,3.0,1.0,1.0,1.0,1.9093865207737175,1.9093865207737175,1.9093865207737175,1.9093865207737175,39.125,0.45081631319878346,1.9954647799503833,2.0
2744,8,7.0,2.0,2.0,2.0,3.05072283662912,3.05072283662912,3.05072283662912,3.11322283662912,63.375,2.1119234062523944,3.6950121330956938,4.0
2745,8,18.0,5.0,6.666666666666667,9.753057789243005,5.014247220863915,6.666666666666667,9.753057789243005,10.003057789243005,64.375,2.1804226678216154,11.879636617666968,10.0
2746,8,4.0,1.0,1.0,1.0,1.255756533415228,1.255756533415228,1.255756533415228,1.255756533415228,15.5,-1.1674787413740644,1.1091496277048414,2.0
2747,8,22.0,5.0,8.0,7.273821453226307,3.593342116874476,8.0,7.273821453226307,7.523821453226307,71.125,2.6427926834138575,9.196141664930831,8.0
2748,8,6.0,2.0,2.2857142857142856,2.1375579585356257,2.3759664178488107,2.3759664178488107,2.3759664178488107,2.4384664178488107,36.625,0.27956815927573075,2.4423908736427054,3.0
2749,8,3.0,2.0,2.2857142857142856,2.1375579585356257,2.6652586121987873,2.6652586121987873,2.6652586121987873,2.7277586121987873,26.625,-0.4054244564164799,2.5572025097927837,3.0
2750,8,1.0,1.0,1.0,1.0,1.0000436578452079,1.0000436578452079,1.0000436578452079,1.0000436578452079,18.0,-0.9962305874510116,0.9004162497720289,2.0
2751,8,26.0,5.0,8.0,7.273821453226307,5.279948947020601,8.0,7.273821453226307,7.523821453226307,61.5,1.9834872908101049,8.716574694035934,8.0
2752,8,9.0,3.0,3.4285714285714284,3.676009769735622,4.024858960861186,4.024858960861186,4.024858960861186,4.149858960861186,66.375,2.3174211909600575,4.957588305513705,5.0
2753,8,6.0,2.0,2.2857142857142856,2.1375579585356257,1.9942883427879283,2.2857142857142856,2.1375579585356257,2.2000579585356257,27.125,-0.3711748256318694,2.058217188281878,3.0
2754,8,1.0,1.0,1.0,1.0,1.5372048754735146,1.5372048754735146,1.5372048754735146,1.5372048754735146,19.125,-0.919168918185638,1.3959097812316468,2.0
2755,8,3.0,2.0,2.0,2.2715523949578253,1.7685702074071594,2.0,2.2715523949578253,2.3340523949578253,21.125,-0.7821703950471958,2.0938782915443688,3.0
2756,8,17.0,3.0,3.4285714285714284,3.676009769735622,3.2295331628084725,3.4285714285714284,3.676009769735622,3.801009769735622,56.875,1.6666782060524574,4.28868230658105,4.0
2757,8,5.0,3.0,3.4285714285714284,3.2063369378034388,2.314727725354922,3.4285714285714284,3.2063369378034388,3.3313369378034388,28.0,-0.3112379717588009,3.106543557273712,4.0
2758,8,4.0,1.0,1.0,1.0,2.2749585387018874,2.2749585387018874,2.2749585387018874,2.2749585387018874,33.625,0.07407037456806757,2.2918092418107343,3.0
2759,8,5.0,2.0,2.0,2.2715523949578253,2.0306801840489124,2.0306801840489124,2.2715523949578253,2.3340523949578253,37.875,0.3651922362372571,2.3545077248423,3.0
2760,8,2.0,1.0,1.0,1.0,2.15159205432156,2.15159205432156,2.15159205432156,2.15159205432156,11.0,-1.475725418435559,1.834076145854929,3.0
2761,8,9.0,3.0,3.0,3.407328592436738,4.475936412352679,4.475936412352679,4.475936412352679,4.600936412352679,54.625,1.51255486752171,5.152946353074849,5.0
2762,8,6.0,2.0,2.2857142857142856,2.1375579585356257,3.0303130708280093,3.0303130708280093,3.0303130708280093,3.0928130708280093,37.375,0.3309426054526466,3.1305990411277125,4.0
2763,8,12.0,4.0,5.333333333333333,5.320921844268105,2.947842279631777,5.333333333333333,5.320921844268105,5.508421844268105,33.0,0.03125833608730441,5.337554160598347,6.0
2764,8,2.0,1.0,1.0,1.0,1.394922470172001,1.394922470172001,1.394922470172001,1.394922470172001,25.875,-0.4567989025933957,1.3312025648142571,2.0
2765,8,2.0,2.0,2.0,2.0,1.9281675450075757,2.0,2.0,2.0625,27.25,-0.36261241793571675,1.9274775164128566,2.0
2766,8,2.0,1.0,1.0,1.0,1.0000000000000002,1.0000000000000002,1.0000000000000002,1.0000000000000002,24.0,-0.5852350180356852,0.9414764981964316,2.0
2767,8,3.0,1.0,1.0,1.0,1.1454994400421532,1.1454994400421532,1.1454994400421532,1.1454994400421532,20.125,-0.8506696566164168,1.0480552785106576,2.0
2768,8,3.0,2.0,2.0,2.0,2.542223976352331,2.542223976352331,2.542223976352331,2.604723976352331,22.125,-0.7136711334779747,2.360792789676506,3.0
2769,8,3.0,1.0,1.0,1.0,1.8116693120150968,1.8116693120150968,1.8116693120150968,1.8116693120150968,16.875,-1.0732922567163854,1.6172242475834464,2.0
2770,8,2.0,1.0,1.0,1.0,1.6630419747130833,1.6630419747130833,1.6630419747130833,1.6630419747130833,20.75,-0.8078576181356537,1.5286918618579508,2.0
2771,8,7.0,2.0,2.2857142857142856,2.1375579585356257,2.2855385808137703,2.2857142857142856,2.2855385808137703,2.3480385808137703,58.25,1.7608646907101364,2.687990999434843,3.0
2772,8,5.0,2.0,2.2857142857142856,2.1375579585356257,2.5299615022419735,2.5299615022419735,2.5299615022419735,2.5924615022419735,43.75,0.7676253979564309,2.7241677727392677,3.0
2773,8,6.0,1.0,1.0,1.0,1.6716654036113046,1.6716654036113046,1.6716654036113046,1.6716654036113046,30.375,-0.1485522255319009,1.6468324420061904,2.0
2774,8,7.0,3.0,3.0,3.407328592436738,2.9314804917983794,3.0,3.407328592436738,3.532328592436738,29.0,-0.24273871018957985,3.324619537664721,4.0
2775,8,31.0,5.0,6.666666666666667,9.753057789243005,5.438039887064686,6.666666666666667,9.753057789243005,10.003057789243005,61.125,1.957800067721647,11.662511509270315,10.0
2776,8,13.0,5.0,6.666666666666667,9.753057789243005,4.815449287108761,6.666666666666667,9.753057789243005,10.003057789243005,55.0,1.538242090610168,11.253314189599699,10.0
2777,8,21.0,4.0,4.571428571428571,5.74252713155054,3.6340006755455625,4.571428571428571,5.74252713155054,5.93002713155054,45.875,0.9131863287910257,6.266926858474891,6.0
2778,8,1.0,1.0,1.0,1.0,1.300845050840966,1.300845050840966,1.300845050840966,1.300845050840966,22.375,-0.6965463180856695,1.210235167784642,2.0
2779,8,6.0,3.0,3.4285714285714284,3.676009769735622,2.4945086074450744,3.4285714285714284,3.676009769735622,3.801009769735622,34.625,0.14256963613728865,3.7284185072664546,4.0
2780,8,3.0,1.0,1.0,1.0,1.0000000000000009,1.0000000000000009,1.0000000000000009,1.0000000000000009,34.0,0.09975759765652548,1.0099757597656533,2.0
2781,8,12.0,2.0,2.2857142857142856,2.1375579585356257,2.4316670694026086,2.4316670694026086,2.4316670694026086,2.4941670694026086,38.375,0.3994418670218676,2.5287980328203856,3.0
2782,8,3.0,1.0,1.0,1.0,1.5683441665107343,1.5683441665107343,1.5683441665107343,1.5683441665107343,38.25,0.390879459325715,1.6296475184949697,2.0
2783,8,3.0,2.0,2.0,2.0,1.998765804659329,2.0,2.0,2.0625,12.5,-1.3729765260817275,1.7254046947836545,2.0
2784,8,6.0,2.0,2.2857142857142856,2.1375579585356257,3.074996332595633,3.074996332595633,3.074996332595633,3.137496332595633,37.375,0.3309426054526466,3.176761062402286,4.0
2785,8,3.0,1.0,1.0,1.0,1.3767033466550722,1.3767033466550722,1.3767033466550722,1.3767033466550722,14.375,-1.244540410639438,1.205367051817593,2.0
2786,8,17.0,3.0,3.4285714285714284,3.2063369378034388,4.096407358879388,4.096407358879388,4.096407358879388,4.221407358879388,51.0,1.2642450443332836,4.614293629182754,5.0
2787,8,3.0,1.0,1.0,1.0,1.7440523881510184,1.7440523881510184,1.7440523881510184,1.7440523881510184,13.5,-1.3044772645125065,1.5165447193048438,2.0
2788,8,4.0,3.0,3.4285714285714284,3.2063369378034388,2.8066652387820317,3.4285714285714284,3.2063369378034388,3.3313369378034388,31.125,-0.09717777935498509,3.1751784674554786,4.0
2789,8,5.0,2.0,2.0,2.0,1.8135136975494,2.0,2.0,2.0625,34.875,0.1596944515295939,2.0319388903059186,2.0
2790,8,1.0,1.0,1.0,1.0,1.0000000000000013,1.0000000000000013,1.0000000000000013,1.0000000000000013,27.25,-0.36261241793571675,0.9637387582064296,2.0
2791,8,3.0,1.0,1.0,1.0,1.7269451937085667,1.7269451937085667,1.7269451937085667,1.7269451937085667,36.5,0.2710057515795781,1.7737464017243398,2.0
2792,8,19.0,4.0,4.571428571428571,5.74252713155054,5.306571859779613,5.306571859779613,5.74252713155054,5.93002713155054,50.5,1.229995413548673,6.448855334949138,6.0
2793,8,3.0,1.0,1.0,1.0,1.1535819650424946,1.1535819650424946,1.1535819650424946,1.1535819650424946,13.75,-1.287352449120201,1.0050753082466595,2.0
2794,8,9.0,2.0,2.2857142857142856,2.1375579585356257,1.7045845672393125,2.2857142857142856,2.1375579585356257,2.2000579585356257,23.0,-0.6537342796049063,1.9978184673219235,3.0
2795,8,3.0,1.0,1.0,1.0,1.257005235184094,1.257005235184094,1.257005235184094,1.257005235184094,26.875,-0.38829964102417464,1.2081957670253447,2.0
2796,8,4.0,2.0,2.2857142857142856,2.1375579585356257,1.4352519859369173,2.2857142857142856,2.1375579585356257,2.2000579585356257,27.0,-0.379737233328022,2.056386924010364,3.0
2797,8,2.0,1.0,1.0,1.0,1.602540752881839,1.602540752881839,1.602540752881839,1.602540752881839,27.25,-0.36261241793571675,1.544430635157538,2.0
2798,8,2.0,1.0,1.0,1.0,1.2380511448261338,1.2380511448261338,1.2380511448261338,1.2380511448261338,17.5,-1.030480218235622,1.1104724234354042,2.0
2799,8,11.0,6.0,12.0,11.916610568939126,4.583392988338424,12.0,11.916610568939126,12.229110568939126,39.375,0.4679411285910887,12.474237788800114,12.0
2800,8,6.0,4.0,4.571428571428571,5.74252713155054,3.1932985806780816,4.571428571428571,5.74252713155054,5.93002713155054,42.75,0.6991261363872098,6.144002212208505,6.0
2801,8,7.0,2.0,2.0,2.2715523949578253,1.735374756494934,2.0,2.2715523949578253,2.3340523949578253,47.125,0.998810405752552,2.498437411887426,3.0
2802,8,4.0,2.0,2.0,2.0,2.296516083045984,2.296516083045984,2.296516083045984,2.359016083045984,22.25,-0.705108725781822,2.1345867301405823,3.0
2803,8,5.0,2.0,2.2857142857142856,2.1375579585356257,1.8431085091075328,2.2857142857142856,2.1375579585356257,2.2000579585356257,18.625,-0.9534185489702485,1.9337592178189413,3.0
2804,8,4.0,1.0,1.0,1.0,2.349115995169367,2.349115995169367,2.349115995169367,2.349115995169367,32.125,-0.028678517785764024,2.3423790786845387,3.0
2805,8,4.0,2.0,2.0,2.2715523949578253,1.6123163413952555,2.0,2.2715523949578253,2.3340523949578253,18.375,-0.9705433643625537,2.051088384585007,3.0
2806,8,4.0,2.0,2.0,2.2715523949578253,1.4647470425258118,2.0,2.2715523949578253,2.3340523949578253,25.875,-0.4567989025933957,2.167788130837812,3.0
2807,8,19.0,5.0,8.0,7.273821453226307,4.370073232732859,8.0,7.273821453226307,7.523821453226307,75.125,2.9167897296907417,9.395442224263777,8.0
2808,8,4.0,1.0,1.0,1.0,1.5731642016859664,1.5731642016859664,1.5731642016859664,1.5731642016859664,20.5,-0.824982433527959,1.4433809185413706,2.0
2809,8,13.0,2.0,2.0,2.0,3.706045701488314,3.706045701488314,3.706045701488314,3.768545701488314,47.125,0.998810405752552,4.0762094025724185,4.0
2810,8,3.0,1.0,1.0,1.0,1.1550869359299734,1.1550869359299734,1.1550869359299734,1.1550869359299734,29.0,-0.24273871018957985,1.127048504631526,2.0
2811,8,6.0,3.0,3.4285714285714284,3.2063369378034388,2.8284746700998964,3.4285714285714284,3.2063369378034388,3.3313369378034388,31.75,-0.05436574087422193,3.1889054494918323,4.0
2812,8,22.0,3.0,3.4285714285714284,3.676009769735622,4.465566466157547,4.465566466157547,4.465566466157547,4.590566466157547,46.125,0.9303111441833309,4.881003091013321,5.0
2813,8,1.0,1.0,1.0,1.0,1.4326376718104332,1.4326376718104332,1.4326376718104332,1.4326376718104332,23.625,-0.6109222411241431,1.3451146500923028,2.0
2814,8,1.0,1.0,1.0,1.0,1.0000000000000018,1.0000000000000018,1.0000000000000018,1.0000000000000018,13.0,-1.338726895297117,0.8661273104702898,2.0
2815,8,2.0,1.0,1.0,1.0,1.4231299005732938,1.4231299005732938,1.4231299005732938,1.4231299005732938,20.25,-0.8421072489202642,1.3032871000304993,2.0
2816,8,8.0,2.0,2.0,2.2715523949578253,1.8993419331779746,2.0,2.2715523949578253,2.3340523949578253,26.625,-0.4054244564164799,2.1794581054630924,3.0
2817,8,48.0,7.0,28.0,14.160351404155936,3.960578065563507,28.0,14.160351404155936,14.535351404155936,33.5,0.06550796687191494,14.253112987223746,15.0
2818,8,7.0,3.0,4.0,3.443153522546566,2.6944051768375332,4.0,3.443153522546566,3.568153522546566,34.0,0.09975759765652548,3.477501594923751,4.0
2819,8,6.0,3.0,3.0,3.9426460859987684,2.758742299234841,3.0,3.9426460859987684,4.067646085998769,59.625,1.8550511753678154,4.674027111587902,4.0
2820,8,1.0,1.0,1.0,1.0,1.4322528415725109,1.4322528415725109,1.4322528415725109,1.4322528415725109,17.125,-1.05616744132408,1.2809829596712325,2.0
2821,8,11.0,2.0,2.2857142857142856,2.1375579585356257,3.4052636934891174,3.4052636934891174,3.4052636934891174,3.4677636934891174,44.25,0.8018750287410414,3.6783232856978585,4.0
2822,8,4.0,2.0,2.2857142857142856,2.1375579585356257,2.5950020419096687,2.5950020419096687,2.5950020419096687,2.6575020419096687,22.625,-0.6794215026933642,2.418692023229007,3.0
2823,8,2.0,1.0,1.0,1.0,1.163287247626735,1.163287247626735,1.163287247626735,1.163287247626735,20.375,-0.8335448412241115,1.0663220392146289,2.0
2824,8,23.0,5.0,8.0,7.273821453226307,7.03937017855076,8.0,7.273821453226307,7.523821453226307,63.25,2.1033609985562416,8.803768688744096,8.0
2825,8,4.0,1.0,1.0,1.0,1.5292243567231676,1.5292243567231676,1.5292243567231676,1.5292243567231676,25.25,-0.4996109410741589,1.4528226347255688,2.0
2826,8,5.0,3.0,3.4285714285714284,3.676009769735622,2.0580186628932573,3.4285714285714284,3.676009769735622,3.801009769735622,34.625,0.14256963613728865,3.7284185072664546,4.0
2827,8,5.0,2.0,2.0,2.2715523949578253,2.082533746896593,2.082533746896593,2.2715523949578253,2.3340523949578253,24.875,-0.5252981641626168,2.1522281646707713,3.0
2828,8,2.0,1.0,1.0,1.0,1.1712368015935044,1.1712368015935044,1.1712368015935044,1.1712368015935044,13.625,-1.2959148568163539,1.0194544843899953,2.0
2829,8,6.0,3.0,3.4285714285714284,3.676009769735622,3.0498102669597857,3.4285714285714284,3.676009769735622,3.801009769735622,23.5,-0.6194846488202957,3.448286607609157,4.0
2830,8,4.0,3.0,3.0,3.407328592436738,2.9492951909924567,3.0,3.407328592436738,3.532328592436738,42.25,0.6648765056025993,3.633873865234654,4.0
2831,8,1.0,1.0,1.0,1.0,1.1481701822620738,1.1481701822620738,1.1481701822620738,1.1481701822620738,26.5,-0.4139868641126325,1.1006374449398433,2.0
2832,8,3.0,2.0,2.0,2.2715523949578253,1.8772149980168198,2.0,2.2715523949578253,2.3340523949578253,25.75,-0.4653613102895483,2.165843135066932,3.0
2833,8,5.0,2.0,2.0,2.2715523949578253,2.176522462846042,2.176522462846042,2.2715523949578253,2.3340523949578253,20.875,-0.799295210439501,2.0899883000026085,3.0
2834,8,3.0,1.0,1.0,1.0,1.1173695348855837,1.1173695348855837,1.1173695348855837,1.1173695348855837,22.125,-0.7136711334779747,1.0376260966380284,2.0
2835,8,2.0,2.0,2.0,2.0,1.8857637264353713,2.0,2.0,2.0625,26.25,-0.4311116795049378,1.9137776640990125,2.0
2836,8,3.0,1.0,1.0,1.0,1.693658520386991,1.693658520386991,1.693658520386991,1.693658520386991,23.625,-0.6109222411241431,1.5901891544896087,2.0
2837,8,7.0,3.0,3.4285714285714284,3.676009769735622,1.809144931204305,3.4285714285714284,3.676009769735622,3.801009769735622,42.375,0.6734389132987519,3.923566572196257,4.0
2838,8,2.0,1.0,1.0,1.0,1.323406384809216,1.323406384809216,1.323406384809216,1.323406384809216,20.75,-0.8078576181356537,1.216493991823467,2.0
2839,8,2.0,1.0,1.0,1.0,1.9480114363365588,1.9480114363365588,1.9480114363365588,1.9480114363365588,20.625,-0.8164200258318063,1.788971881619104,2.0
2840,8,3.0,2.0,2.0,2.0,1.5074436225599477,2.0,2.0,2.0625,28.125,-0.3026755640626483,1.9394648871874702,2.0
2841,8,7.0,3.0,3.0,3.407328592436738,3.85894333866306,3.85894333866306,3.85894333866306,3.98394333866306,46.0,0.9217487364871783,4.214640953321888,4.0
2842,8,6.0,5.0,8.0,7.273821453226307,3.7146568864753626,8.0,7.273821453226307,7.523821453226307,41.625,0.6220644671218362,7.726300039850368,8.0
2843,8,8.0,4.0,4.571428571428571,5.74252713155054,3.601887256057831,4.571428571428571,5.74252713155054,5.93002713155054,36.5,0.2710057515795781,5.898152919675738,6.0
2844,8,6.0,3.0,3.4285714285714284,3.676009769735622,2.9968080334873544,3.4285714285714284,3.676009769735622,3.801009769735622,23.625,-0.6109222411241431,3.4514341570435088,4.0
2845,8,2.0,2.0,2.2857142857142856,2.1375579585356257,1.3528371080093253,2.2857142857142856,2.1375579585356257,2.2000579585356257,24.75,-0.5338605718587695,2.0234421671231164,3.0
2846,8,2.0,1.0,1.0,1.0,1.0001850962375674,1.0001850962375674,1.0001850962375674,1.0001850962375674,26.0,-0.44823649489724304,0.9553531500589685,2.0
2847,8,5.0,3.0,3.0,3.407328592436738,2.044578854886397,3.0,3.407328592436738,3.532328592436738,30.625,-0.13142741013959564,3.362546955196883,4.0
2848,8,4.0,1.0,1.0,1.0,1.3525332987745702,1.3525332987745702,1.3525332987745702,1.3525332987745702,33.625,0.07407037456806757,1.3625515635801717,2.0
2849,8,2.0,2.0,2.0,2.0,1.698184850701435,2.0,2.0,2.0625,31.875,-0.04580333317806929,1.9908393333643861,2.0
2850,8,5.0,1.0,1.0,1.0,1.9591686292594463,1.9591686292594463,1.9591686292594463,1.9591686292594463,47.125,0.998810405752552,2.1548524306122765,2.0
2851,8,2.0,2.0,2.0,2.2715523949578253,1.8217559008722908,2.0,2.2715523949578253,2.3340523949578253,22.5,-0.6879839103895168,2.1152732450240497,3.0
2852,8,1.0,1.0,1.0,1.0,1.0000000000000007,1.0000000000000007,1.0000000000000007,1.0000000000000007,18.875,-0.9362937335779432,0.9063706266422062,2.0
2853,8,1.0,1.0,1.0,1.0,1.2527724116011236,1.2527724116011236,1.2527724116011236,1.2527724116011236,19.75,-0.8763568797048747,1.1429848394400124,2.0
2854,8,3.0,1.0,1.0,1.0,2.0360381019490807,2.0360381019490807,2.0360381019490807,2.0360381019490807,27.625,-0.3369251948472588,1.9674388485275172,3.0
2855,8,13.0,3.0,3.4285714285714284,3.2063369378034388,3.070882843729639,3.4285714285714284,3.2063369378034388,3.3313369378034388,43.125,0.7248133594756677,3.438736522553462,4.0
2856,8,1.0,1.0,1.0,1.0,1.1549533517006338,1.1549533517006338,1.1549533517006338,1.1549533517006338,13.375,-1.313039672208659,1.0033033946673047,2.0
2857,8,10.0,3.0,4.0,3.443153522546566,2.7919779341102187,4.0,3.443153522546566,3.568153522546566,49.625,1.1700585596756046,3.846022647679848,4.0
2858,8,1.0,1.0,1.0,1.0,1.491100174110523,1.491100174110523,1.491100174110523,1.491100174110523,29.75,-0.19136426401266407,1.4625658453717414,2.0
2859,8,6.0,2.0,2.0,2.0,2.2336225381074177,2.2336225381074177,2.2336225381074177,2.2961225381074177,37.875,0.3651922362372571,2.3151926990675564,3.0
2860,8,3.0,2.0,2.2857142857142856,2.1375579585356257,1.7960249619381203,2.2857142857142856,2.1375579585356257,2.2000579585356257,20.875,-0.799295210439501,1.9667039747061894,3.0
2861,8,5.0,2.0,2.0,2.0,2.100476604869215,2.100476604869215,2.100476604869215,2.162976604869215,33.25,0.04838315147960968,2.1106393726444916,3.0
2862,8,10.0,2.0,2.0,2.0,2.266314803055193,2.266314803055193,2.266314803055193,2.328814803055193,31.0,-0.10574018705113773,2.242350747936011,3.0
2863,8,2.0,1.0,1.0,1.0,1.2581978802755698,1.2581978802755698,1.2581978802755698,1.2581978802755698,16.625,-1.0904170721086905,1.121001835401225,2.0
2864,8,2.0,2.0,2.0,2.0,1.6144060726543608,2.0,2.0,2.0625,14.25,-1.2531028183355906,1.7493794363328818,2.0
2865,8,6.0,3.0,3.0,3.9426460859987684,2.4673933532100203,3.0,3.9426460859987684,4.067646085998769,35.75,0.21963130540266235,4.029238936659629,4.0
2866,8,9.0,4.0,4.0,7.665469823480081,4.391965999726174,4.391965999726174,7.665469823480081,7.852969823480081,35.625,0.21106889770650972,7.827264050084527,8.0
2867,8,2.0,1.0,1.0,1.0,1.0030211167757097,1.0030211167757097,1.0030211167757097,1.0030211167757097,14.875,-1.2102907798548275,0.8816263958123763,2.0
2868,8,8.0,3.0,3.0,3.407328592436738,3.364595123518206,3.364595123518206,3.407328592436738,3.532328592436738,38.875,0.4336914978064782,3.555101536514011,4.0
2869,8,9.0,3.0,3.4285714285714284,3.676009769735622,2.6482913872507514,3.4285714285714284,3.676009769735622,3.801009769735622,56.0,1.606741352179389,4.266649460540587,4.0
2870,8,3.0,1.0,1.0,1.0,1.3016070170430731,1.3016070170430731,1.3016070170430731,1.3016070170430731,14.5,-1.2359780029432854,1.1407312528888867,2.0
2871,8,1.0,1.0,1.0,1.0,1.0000000000000013,1.0000000000000013,1.0000000000000013,1.0000000000000013,13.0,-1.338726895297117,0.8661273104702893,2.0
2872,8,2.0,1.0,1.0,1.0,1.5289244270523512,1.5289244270523512,1.5289244270523512,1.5289244270523512,33.125,0.03982074378345704,1.5350127178397432,2.0
2873,8,1.0,1.0,1.0,1.0,1.2869384454023427,1.2869384454023427,1.2869384454023427,1.2869384454023427,17.625,-1.0219178105394695,1.1554239135598796,2.0
2874,8,10.0,3.0,3.0,3.407328592436738,2.7522143491213633,3.0,3.407328592436738,3.532328592436738,23.375,-0.6280470565164483,3.1933323231303152,4.0
2875,8,8.0,3.0,3.0,3.407328592436738,2.519648676815286,3.0,3.407328592436738,3.532328592436738,34.375,0.12544482074498337,3.4500717648864865,4.0
2876,8,7.0,2.0,2.2857142857142856,2.1375579585356257,2.134330758378865,2.2857142857142856,2.1375579585356257,2.2000579585356257,31.125,-0.09717777935498509,2.116785644970319,3.0
2877,8,3.0,2.0,2.0,2.0,1.8381619337717336,2.0,2.0,2.0625,24.875,-0.5252981641626168,1.8949403671674767,2.0
2878,8,2.0,1.0,1.0,1.0,1.668055122680982,1.668055122680982,1.668055122680982,1.668055122680982,20.875,-0.799295210439501,1.5347282756501837,2.0
2879,8,9.0,3.0,3.4285714285714284,3.676009769735622,4.9470803515269095,4.9470803515269095,4.9470803515269095,5.0720803515269095,46.875,0.9816855903602467,5.432728101071737,5.0
2880,8,1.0,1.0,1.0,1.0,1.0000000000000004,1.0000000000000004,1.0000000000000004,1.0000000000000004,16.25,-1.1161042951971485,0.8883895704802856,2.0
2881,8,11.0,3.0,3.4285714285714284,3.2063369378034388,4.387675873386114,4.387675873386114,4.387675873386114,4.512675873386114,32.875,0.022695928391151775,4.39763411112871,5.0
2882,8,5.0,1.0,1.0,1.0,1.5620832463839536,1.5620832463839536,1.5620832463839536,1.5620832463839536,13.625,-1.2959148568163539,1.3596505577266649,2.0
2883,8,15.0,5.0,10.0,6.733203485052171,5.69136017628473,10.0,6.733203485052171,6.983203485052171,34.375,0.12544482074498337,6.817668035474359,7.0
2884,8,16.0,6.0,12.0,11.916610568939126,6.6126751194739875,12.0,11.916610568939126,12.229110568939126,64.125,2.1632978524293103,14.49452837414137,12.0
2885,8,6.0,2.0,2.0,2.0,2.2627927663478045,2.2627927663478045,2.2627927663478045,2.3252927663478045,46.25,0.9388735518794835,2.475240394518621,3.0
2886,8,8.0,3.0,4.0,3.443153522546566,4.733370858920972,4.733370858920972,4.733370858920972,4.858370858920972,40.0,0.5107531670718519,4.975129274632922,5.0
2887,8,3.0,2.0,2.0,2.0,2.297849835063779,2.297849835063779,2.297849835063779,2.360349835063779,22.5,-0.6879839103895168,2.1397614635622704,3.0
2888,8,21.0,5.0,6.666666666666667,9.753057789243005,6.581921860519745,6.666666666666667,9.753057789243005,10.003057789243005,74.75,2.891102506602284,12.572766771394745,10.0
2889,8,3.0,2.0,2.0,2.2715523949578253,1.9418668120818072,2.0,2.2715523949578253,2.3340523949578253,41.375,0.6049396517295309,2.408967606426942,3.0
2890,8,8.0,5.0,8.0,7.273821453226307,4.947987012402237,8.0,7.273821453226307,7.523821453226307,55.375,1.5639293136986259,8.411395712557363,8.0
2891,8,5.0,3.0,3.0,3.407328592436738,3.59275643865252,3.59275643865252,3.59275643865252,3.71775643865252,35.0,0.16825685922574654,3.653207030085595,4.0
2892,8,3.0,1.0,1.0,1.0,1.0000000000000009,1.0000000000000009,1.0000000000000009,1.0000000000000009,25.125,-0.5081733487703115,0.9491826651229698,2.0
2893,8,2.0,1.0,1.0,1.0,2.066546482282731,2.066546482282731,2.066546482282731,2.066546482282731,28.5,-0.2769883409741904,2.0093055541153766,3.0
2894,8,4.0,2.0,2.0,2.2715523949578253,2.7520806432598377,2.7520806432598377,2.7520806432598377,2.8145806432598377,24.625,-0.542422979554922,2.602801465010595,3.0
2895,8,5.0,1.0,1.0,1.0,2.5681438094144355,2.5681438094144355,2.5681438094144355,2.5681438094144355,10.0,-1.54422468000478,2.1715647041845094,3.0
2896,8,9.0,2.0,2.0,2.0,3.123345674160177,3.123345674160177,3.123345674160177,3.185845674160177,57.625,1.718052652229373,3.6599529060921805,4.0
2897,8,6.0,2.0,2.0,2.2715523949578253,1.5875957306714668,2.0,2.2715523949578253,2.3340523949578253,26.0,-0.44823649489724304,2.169733126608692,3.0
2898,8,3.0,1.0,1.0,1.0,1.3013530026022926,1.3013530026022926,1.3013530026022926,1.3013530026022926,26.375,-0.42254927180878515,1.246364426240715,2.0
2899,8,2.0,1.0,1.0,1.0,1.3112730900763445,1.3112730900763445,1.3112730900763445,1.3112730900763445,16.125,-1.124666702893301,1.1637985717954573,2.0
2900,8,8.0,3.0,3.0,3.407328592436738,2.1786065508750245,3.0,3.407328592436738,3.532328592436738,46.875,0.9816855903602467,3.7418211305184985,4.0
2901,8,3.0,1.0,1.0,1.0,1.159727143824499,1.159727143824499,1.159727143824499,1.159727143824499,16.875,-1.0732922567163854,1.0352545274874345,2.0
2902,8,3.0,1.0,1.0,1.0,1.3973805327387918,1.3973805327387918,1.3973805327387918,1.3973805327387918,17.125,-1.05616744132408,1.2497937505569108,2.0
2903,8,5.0,1.0,1.0,1.0,1.883631726691418,1.883631726691418,1.883631726691418,1.883631726691418,28.0,-0.3112379717588009,1.8250059548758215,2.0
2904,8,7.0,1.0,1.0,1.0,1.983441795011316,1.983441795011316,1.983441795011316,1.983441795011316,29.75,-0.19136426401266407,1.945485807079886,2.0
2905,8,1.0,1.0,1.0,1.0,1.0000000000000018,1.0000000000000018,1.0000000000000018,1.0000000000000018,19.5,-0.89348169509718,0.9106518304902836,2.0
2906,8,13.0,3.0,3.4285714285714284,3.676009769735622,2.5871544547574348,3.4285714285714284,3.676009769735622,3.801009769735622,41.375,0.6049396517295309,3.8983861767214436,4.0
2907,8,1.0,1.0,1.0,1.0,1.3467989939987373,1.3467989939987373,1.3467989939987373,1.3467989939987373,9.5,-1.5784743107893906,1.134210232616337,2.0
2908,8,9.0,4.0,5.333333333333333,5.320921844268105,5.131127843087235,5.333333333333333,5.320921844268105,5.508421844268105,56.375,1.632428575267847,6.18952433080312,6.0
2909,8,7.0,2.0,2.0,2.0,3.260067608738234,3.260067608738234,3.260067608738234,3.322567608738234,46.5,0.9559983672717888,3.5717295398531737,4.0
2910,8,6.0,1.0,1.0,1.0,1.6797009935564522,1.6797009935564522,1.6797009935564522,1.6797009935564522,35.5,0.2025064900103571,1.7137160288036548,2.0
2911,8,2.0,1.0,1.0,1.0,1.8767530964217096,1.8767530964217096,1.8767530964217096,1.8767530964217096,23.375,-0.6280470565164483,1.758884170620131,2.0
2912,8,3.0,1.0,1.0,1.0,2.2203053351581827,2.2203053351581827,2.2203053351581827,2.2203053351581827,38.25,0.390879459325715,2.307092510052646,3.0
2913,8,1.0,1.0,1.0,1.0,1.4420602849027593,1.4420602849027593,1.4420602849027593,1.4420602849027593,14.875,-1.2102907798548275,1.2675290582214958,2.0
2914,8,8.0,2.0,2.0,2.2715523949578253,1.902537004563004,2.0,2.2715523949578253,2.3340523949578253,52.625,1.375556344383268,2.58401722580615,3.0
2915,8,2.0,1.0,1.0,1.0,1.4932870543324452,1.4932870543324452,1.4932870543324452,1.4932870543324452,26.625,-0.4054244564164799,1.4327455451047955,2.0
2916,8,3.0,1.0,1.0,1.0,1.4260270740772971,1.4260270740772971,1.4260270740772971,1.4260270740772971,30.125,-0.16567704092420615,1.402401079486204,2.0
2917,8,2.0,1.0,1.0,1.0,1.1546226438491232,1.1546226438491232,1.1546226438491232,1.1546226438491232,20.75,-0.8078576181356537,1.0613455739585789,2.0
2918,8,16.0,3.0,3.4285714285714284,3.676009769735622,2.202200746245454,3.4285714285714284,3.676009769735622,3.801009769735622,32.125,-0.028678517785764024,3.6654675185794217,4.0
2919,8,13.0,3.0,3.0,3.9426460859987684,3.806112397561895,3.806112397561895,3.9426460859987684,4.067646085998769,52.0,1.3327443059025046,4.468099998129134,4.0
2920,8,15.0,4.0,4.571428571428571,5.74252713155054,4.8261820779374425,4.8261820779374425,5.74252713155054,5.93002713155054,64.5,2.188985075517768,6.9995577502225395,6.0
2921,8,3.0,3.0,4.0,3.443153522546566,2.608360198312345,4.0,3.443153522546566,3.568153522546566,27.875,-0.31980037945495354,3.333041342243361,4.0
2922,8,10.0,3.0,3.4285714285714284,3.676009769735622,4.658148928200769,4.658148928200769,4.658148928200769,4.783148928200769,33.0,0.03125833608730441,4.672709526675011,5.0
2923,8,1.0,1.0,1.0,1.0,1.1557052862921349,1.1557052862921349,1.1557052862921349,1.1557052862921349,26.5,-0.4139868641126325,1.1078606055610876,2.0
2924,8,4.0,3.0,3.4285714285714284,3.676009769735622,2.3294277373038645,3.4285714285714284,3.676009769735622,3.801009769735622,34.125,0.1083200053526781,3.715828309529048,4.0
2925,8,1.0,1.0,1.0,1.0,3.269318826463157,3.269318826463157,3.269318826463157,3.269318826463157,59.375,1.83792635997551,3.870195551495241,4.0
2926,8,3.0,1.0,1.0,1.0,1.3001346017313693,1.3001346017313693,1.3001346017313693,1.3001346017313693,16.0,-1.1332291105894536,1.152799563894708,2.0
2927,8,7.0,3.0,4.0,3.443153522546566,2.8646267880598946,4.0,3.443153522546566,3.568153522546566,31.5,-0.07149055626652719,3.4185382264827755,4.0
2928,8,10.0,3.0,3.4285714285714284,3.2063369378034388,3.3237771551082047,3.4285714285714284,3.3237771551082047,3.4487771551082047,37.75,0.3566298285411045,3.4423129628017124,4.0
2929,8,2.0,1.0,1.0,1.0,1.4340808709721093,1.4340808709721093,1.4340808709721093,1.4340808709721093,12.125,-1.3986637491701854,1.2335011782113998,2.0
2930,8,10.0,2.0,2.2857142857142856,2.1375579585356257,2.3348183741075834,2.3348183741075834,2.3348183741075834,2.3973183741075834,41.0,0.579252428641073,2.4700632954713453,3.0
2931,8,5.0,2.0,2.0,2.0,2.811652502789314,2.811652502789314,2.811652502789314,2.874152502789314,33.25,0.04838315147960968,2.8252561636843616,3.0
2932,8,1.0,1.0,1.0,1.0,1.6041186172731214,1.6041186172731214,1.6041186172731214,1.6041186172731214,8.375,-1.6555359800547644,1.3385510085559864,2.0
2933,8,3.0,2.0,2.2857142857142856,2.1375579585356257,1.1312833766452406,2.2857142857142856,2.1375579585356257,2.2000579585356257,22.125,-0.7136711334779747,1.9850066174213272,3.0
2934,8,16.0,5.0,6.666666666666667,9.753057789243005,3.8277439014156194,6.666666666666667,9.753057789243005,10.003057789243005,65.625,2.2660467447831416,11.963146274742602,10.0
2935,8,9.0,1.0,1.0,1.0,1.3808153602110762,1.3808153602110762,1.3808153602110762,1.3808153602110762,57.125,1.6838030214447626,1.613317467769151,2.0
2936,8,10.0,5.0,6.666666666666667,9.753057789243005,3.5599708721066463,6.666666666666667,9.753057789243005,10.003057789243005,32.5,-0.0029912946973061245,9.750140362238257,10.0
2937,8,3.0,2.0,2.2857142857142856,2.1375579585356257,1.671164126541076,2.2857142857142856,2.1375579585356257,2.2000579585356257,29.75,-0.19136426401266407,2.0966527379836672,3.0
2938,8,1.0,1.0,1.0,1.0,1.0000000000000016,1.0000000000000016,1.0000000000000016,1.0000000000000016,9.0,-1.6127239415740011,0.8387276058426012,2.0
2939,8,1.0,1.0,1.0,1.0,1.100514284167559,1.100514284167559,1.100514284167559,1.100514284167559,16.0,-1.1332291105894536,0.9758008018237398,2.0
2940,8,6.0,1.0,1.0,1.0,1.5631940785649232,1.5631940785649232,1.5631940785649232,1.5631940785649232,23.375,-0.6280470565164483,1.465018134584259,2.0
2941,8,11.0,2.0,2.0,2.0,4.985984160908532,4.985984160908532,4.985984160908532,5.048484160908532,57.0,1.67524061374861,5.821256477494658,5.0
2942,8,3.0,2.0,2.2857142857142856,2.1375579585356257,2.038005609478692,2.2857142857142856,2.1375579585356257,2.2000579585356257,25.25,-0.4996109410741589,2.0307632242091715,3.0
2943,8,5.0,1.0,1.0,1.0,1.8241123004608815,1.8241123004608815,1.8241123004608815,1.8241123004608815,20.875,-0.799295210439501,1.678311877954665,2.0
2944,8,4.0,1.0,1.0,1.0,2.5549678580830024,2.5549678580830024,2.5549678580830024,2.5549678580830024,33.375,0.05694555917576231,2.569517265418466,3.0
2945,8,3.0,2.0,2.0,2.0,1.8424644188773662,2.0,2.0,2.0625,34.0,0.09975759765652548,2.019951519531305,2.0
2946,8,1.0,1.0,1.0,1.0,1.3791030567541749,1.3791030567541749,1.3791030567541749,1.3791030567541749,19.625,-0.8849192874010273,1.2570635673306267,2.0
2947,8,5.0,2.0,2.0,2.0,2.212435365067223,2.212435365067223,2.212435365067223,2.274935365067223,12.125,-1.3986637491701854,1.9029900508170599,3.0
2948,8,4.0,3.0,3.0,3.9426460859987684,2.0795411857236026,3.0,3.9426460859987684,4.067646085998769,23.0,-0.6537342796049063,3.6849017961220176,4.0
2949,8,7.0,2.0,2.0,2.2715523949578253,2.7088382620615716,2.7088382620615716,2.7088382620615716,2.7713382620615716,21.25,-0.7736079873510431,2.4992803704642763,3.0
2950,8,2.0,1.0,1.0,1.0,1.5106231974825868,1.5106231974825868,1.5106231974825868,1.5106231974825868,26.25,-0.4311116795049378,1.4454984671060032,2.0
2951,8,1.0,1.0,1.0,1.0,1.1380699411803388,1.1380699411803388,1.1380699411803388,1.1380699411803388,17.625,-1.0219178105394695,1.0217685469271593,2.0
2952,8,3.0,1.0,1.0,1.0,1.384598679127286,1.384598679127286,1.384598679127286,1.384598679127286,31.625,-0.06292814857037456,1.3758856559882393,2.0
2953,8,2.0,1.0,1.0,1.0,1.1547386169875586,1.1547386169875586,1.1547386169875586,1.1547386169875586,14.875,-1.2102907798548275,1.0149816668593228,2.0
2954,8,3.0,1.0,1.0,1.0,1.6819559300590647,1.6819559300590647,1.6819559300590647,1.6819559300590647,34.0,0.09975759765652548,1.6987347183537485,2.0
2955,8,4.0,2.0,2.0,2.2715523949578253,1.9728081593647115,2.0,2.2715523949578253,2.3340523949578253,25.0,-0.5167357564664641,2.154173160441651,3.0
2956,8,13.0,3.0,3.0,3.9426460859987684,3.4806677907410823,3.4806677907410823,3.9426460859987684,4.067646085998769,62.0,2.0177369215947154,4.738168343648829,4.0
2957,8,1.0,1.0,1.0,1.0,1.0003485812753339,1.0003485812753339,1.0003485812753339,1.0003485812753339,12.5,-1.3729765260817275,0.8630030692763146,2.0
2958,8,3.0,2.0,2.0,2.0,1.7314076870867345,2.0,2.0,2.0625,18.25,-0.9791057720587063,1.8041788455882588,2.0
2959,8,9.0,2.0,2.0,2.0,1.8567130390348718,2.0,2.0,2.0625,36.375,0.2624433438834255,2.052488668776685,2.0
2960,8,3.0,2.0,2.2857142857142856,2.1375579585356257,2.1129969368716837,2.2857142857142856,2.1375579585356257,2.2000579585356257,22.5,-0.6879839103895168,1.9904974102358683,3.0
2961,8,14.0,3.0,3.4285714285714284,3.676009769735622,3.8090198716784984,3.8090198716784984,3.8090198716784984,3.9340198716784984,47.75,1.041622444233315,4.205775930565601,4.0
2962,8,5.0,1.0,1.0,1.0,1.5721354449371947,1.5721354449371947,1.5721354449371947,1.5721354449371947,23.375,-0.6280470565164483,1.4733979410733964,2.0
2963,8,16.0,4.0,4.571428571428571,5.74252713155054,4.604718978062955,4.604718978062955,5.74252713155054,5.93002713155054,59.75,1.863613583063968,6.812712287897635,6.0
2964,8,44.0,6.0,16.0,8.84648183982432,7.320667311691495,16.0,8.84648183982432,9.15898183982432,53.75,1.4526180136486415,10.131537727618758,9.0
2965,8,11.0,5.0,8.0,7.273821453226307,3.7807395945199835,8.0,7.273821453226307,7.523821453226307,32.75,0.014133520694999142,7.284101923830397,8.0
2966,8,2.0,2.0,2.2857142857142856,2.1375579585356257,1.9011332146387923,2.2857142857142856,2.1375579585356257,2.2000579585356257,13.25,-1.3216020799048116,1.8550578541438492,3.0
2967,8,5.0,2.0,2.0,2.0,2.1752181118052425,2.1752181118052425,2.1752181118052425,2.2377181118052425,15.0,-1.201728372158675,1.9138159797462644,3.0
2968,8,4.0,1.0,1.0,1.0,1.2991846024110716,1.2991846024110716,1.2991846024110716,1.2991846024110716,21.75,-0.7393583565664326,1.2031283031595652,2.0
2969,8,1.0,1.0,1.0,1.0,1.3575027604384158,1.3575027604384158,1.3575027604384158,1.3575027604384158,26.25,-0.4311116795049378,1.2989792309398964,2.0
2970,8,4.0,1.0,1.0,1.0,1.1546348794881878,1.1546348794881878,1.1546348794881878,1.1546348794881878,22.375,-0.6965463180856695,1.0742092120841091,2.0
2971,8,6.0,2.0,2.2857142857142856,2.1375579585356257,2.432388009247461,2.432388009247461,2.432388009247461,2.494888009247461,29.25,-0.2256138947972746,2.37750995600501,3.0
2972,8,6.0,2.0,2.2857142857142856,2.1375579585356257,2.6043064310683484,2.6043064310683484,2.6043064310683484,2.6668064310683484,38.0,0.37375464393340974,2.7016435933520926,3.0
2973,8,1.0,1.0,1.0,1.0,1.0000000000000009,1.0000000000000009,1.0000000000000009,1.0000000000000009,13.125,-1.3301644876009644,0.8669835512399043,2.0
2974,8,13.0,2.0,2.0,2.2715523949578253,2.3808164468478163,2.3808164468478163,2.3808164468478163,2.4433164468478163,25.25,-0.4996109410741589,2.261868252294369,3.0
2975,8,13.0,4.0,4.571428571428571,5.74252713155054,2.668651842247238,4.571428571428571,5.74252713155054,5.93002713155054,58.625,1.7865519137985943,6.768459415241738,6.0
2976,8,11.0,4.0,5.333333333333333,5.320921844268105,2.8205887147054707,5.333333333333333,5.320921844268105,5.508421844268105,33.25,0.04838315147960968,5.3466661410283445,6.0
2977,8,19.0,5.0,8.0,7.273821453226307,5.946300988225176,8.0,7.273821453226307,7.523821453226307,50.375,1.2214330058525205,8.162270013391183,8.0
2978,8,3.0,1.0,1.0,1.0,1.9870696329637805,1.9870696329637805,1.9870696329637805,1.9870696329637805,35.875,0.22819371309881498,2.032413312736971,2.0
2979,8,6.0,4.0,4.571428571428571,5.74252713155054,2.9083794885016907,4.571428571428571,5.74252713155054,5.93002713155054,36.5,0.2710057515795781,5.898152919675738,6.0
2980,8,10.0,2.0,2.0,2.2715523949578253,2.718425411357944,2.718425411357944,2.718425411357944,2.780925411357944,34.0,0.09975759765652548,2.7455437702024956,3.0
2981,8,2.0,1.0,1.0,1.0,2.407811109461708,2.407811109461708,2.407811109461708,2.407811109461708,35.0,0.16825685922574654,2.4483241829503966,3.0
2982,8,2.0,1.0,1.0,1.0,1.1522948118972207,1.1522948118972207,1.1522948118972207,1.1522948118972207,19.125,-0.919168918185638,1.0463794543289715,2.0
2983,8,5.0,2.0,2.2857142857142856,2.1375579585356257,1.7934618003431497,2.2857142857142856,2.1375579585356257,2.2000579585356257,21.75,-0.7393583565664326,1.9795158246067857,3.0
2984,8,1.0,1.0,1.0,1.0,1.3891925013224977,1.3891925013224977,1.3891925013224977,1.3891925013224977,8.75,-1.6298487569663065,1.162775134175759,2.0
2985,8,2.0,1.0,1.0,1.0,1.9260127309296595,1.9260127309296595,1.9260127309296595,1.9260127309296595,21.25,-0.7736079873510431,1.7770148476909613,2.0
2986,8,1.0,1.0,1.0,1.0,1.6708259690405411,1.6708259690405411,1.6708259690405411,1.6708259690405411,24.25,-0.56811020264338,1.5759046410551967,2.0
2987,8,4.0,1.0,1.0,1.0,1.8229250262177275,1.8229250262177275,1.8229250262177275,1.8229250262177275,46.25,0.9388735518794835,1.9940746356352315,2.0
2988,8,11.0,4.0,4.571428571428571,5.74252713155054,2.8731915607321294,4.571428571428571,5.74252713155054,5.93002713155054,40.125,0.5193155747680045,6.040745509344743,6.0
2989,8,3.0,2.0,2.2857142857142856,2.1375579585356257,2.3264824492361296,2.3264824492361296,2.3264824492361296,2.3889824492361296,17.5,-1.030480218235622,2.0867430350351106,3.0
2990,8,2.0,2.0,2.2857142857142856,2.1375579585356257,1.9809758394110528,2.2857142857142856,2.1375579585356257,2.2000579585356257,11.625,-1.432913379954796,1.8312644186141698,3.0
2991,8,4.0,1.0,1.0,1.0,1.5425850486808264,1.5425850486808264,1.5425850486808264,1.5425850486808264,32.625,0.005571112998846509,1.5434444402424794,2.0
2992,8,2.0,1.0,1.0,1.0,1.6844496750423208,1.6844496750423208,1.6844496750423208,1.6844496750423208,14.875,-1.2102907798548275,1.4805822839590026,2.0
2993,8,3.0,2.0,2.0,2.0,1.664493419511098,2.0,2.0,2.0625,17.125,-1.05616744132408,1.7887665117351839,2.0
2994,8,7.0,1.0,1.0,1.0,1.6835075684234977,1.6835075684234977,1.6835075684234977,1.6835075684234977,34.875,0.1596944515295939,1.7103922502020286,2.0
2995,8,5.0,2.0,2.0,2.0,2.5643533407349683,2.5643533407349683,2.5643533407349683,2.6268533407349683,49.875,1.18718337506791,2.8687891061270094,3.0
2996,8,2.0,1.0,1.0,1.0,1.5103707796824413,1.5103707796824413,1.5103707796824413,1.5103707796824413,28.75,-0.25986352558188514,1.4711217521080273,2.0
2997,8,5.0,1.0,1.0,1.0,1.155109755630845,1.155109755630845,1.155109755630845,1.155109755630845,23.375,-0.6280470565164483,1.0825634274331064,2.0
2998,8,1.0,1.0,1.0,1.0,1.4281013086391372,1.4281013086391372,1.4281013086391372,1.4281013086391372,13.875,-1.2787900414240485,1.245477135475899,2.0
2999,8,18.0,6.0,16.0,8.84648183982432,6.578767220873618,16.0,8.84648183982432,9.15898183982432,66.875,2.3516708217446682,10.926883161605215,9.0
3000,8,6.0,3.0,3.0,3.9426460859987684,2.997632936038444,3.0,3.9426460859987684,4.067646085998769,33.875,0.09119518996037285,3.9786011218746866,4.0
3001,8,4.0,2.0,2.2857142857142856,2.1375579585356257,1.1599330440299656,2.2857142857142856,2.1375579585356257,2.2000579585356257,11.875,-1.4157885645624906,1.8349249471571976,3.0
3002,8,1.0,1.0,1.0,1.0,1.7542765332553563,1.7542765332553563,1.7542765332553563,1.7542765332553563,19.75,-0.8763568797048747,1.6005393023730414,2.0
3003,8,4.0,3.0,3.4285714285714284,3.2063369378034388,1.564058841462915,3.4285714285714284,3.2063369378034388,3.3313369378034388,35.375,0.19394408231420446,3.268521945302681,4.0
3004,8,6.0,1.0,1.0,1.0,2.3117801049172115,2.3117801049172115,2.3117801049172115,2.3117801049172115,57.875,1.7351774676216785,2.7129149797320538,3.0
3005,8,6.0,3.0,3.0,3.407328592436738,2.0776406698585443,3.0,3.407328592436738,3.532328592436738,16.625,-1.0904170721086905,3.035787665689029,4.0
3006,8,3.0,3.0,3.4285714285714284,3.2063369378034388,2.927201845857388,3.4285714285714284,3.2063369378034388,3.3313369378034388,27.25,-0.36261241793571675,3.090071178830088,4.0
3007,8,13.0,4.0,4.571428571428571,5.74252713155054,2.8809636769050795,4.571428571428571,5.74252713155054,5.93002713155054,22.25,-0.705108725781822,5.337616532701026,6.0
3008,8,3.0,1.0,1.0,1.0,1.000340921537095,1.000340921537095,1.000340921537095,1.000340921537095,24.125,-0.5766726103395325,0.9426540004918701,2.0
3009,8,5.0,2.0,2.0,2.2715523949578253,1.605677003921249,2.0,2.2715523949578253,2.3340523949578253,21.25,-0.7736079873510431,2.0958232873152487,3.0
3010,8,17.0,5.0,8.0,7.273821453226307,4.396535939734663,8.0,7.273821453226307,7.523821453226307,61.5,1.9834872908101049,8.716574694035934,8.0
3011,8,11.0,3.0,3.4285714285714284,3.676009769735622,2.409511441477883,3.4285714285714284,3.676009769735622,3.801009769735622,21.375,-0.7650455796548905,3.394778267225179,4.0
3012,8,3.0,2.0,2.0,2.0,1.9887927981286329,2.0,2.0,2.0625,29.375,-0.21705148710112196,1.9565897025797756,2.0
3013,8,2.0,1.0,1.0,1.0,1.7108973210116778,1.7108973210116778,1.7108973210116778,1.7108973210116778,26.25,-0.4311116795049378,1.6371385392594935,2.0
3014,8,2.0,1.0,1.0,1.0,1.3005198345868343,1.3005198345868343,1.3005198345868343,1.3005198345868343,11.25,-1.458600603043254,1.1108259330870274,2.0
3015,8,2.0,1.0,1.0,1.0,1.2994900665378948,1.2994900665378948,1.2994900665378948,1.2994900665378948,36.25,0.25388093618727287,1.3324816420037648,2.0
3016,8,2.0,2.0,2.0,2.0,1.81943515044693,2.0,2.0,2.0625,15.625,-1.1589163336779116,1.7682167332644176,2.0
3017,8,2.0,2.0,2.0,2.2715523949578253,2.427882467303476,2.427882467303476,2.427882467303476,2.490382467303476,23.875,-0.5937974257318378,2.283715431397049,3.0
3018,8,3.0,1.0,1.0,1.0,1.4950736367564017,1.4950736367564017,1.4950736367564017,1.4950736367564017,25.375,-0.49104853337800625,1.4216582650942664,2.0
3019,8,15.0,5.0,8.0,7.273821453226307,4.652757509171363,8.0,7.273821453226307,7.523821453226307,59.25,1.8293639522793574,8.604468129411153,8.0
3020,8,4.0,1.0,1.0,1.0,1.6079098341489075,1.6079098341489075,1.6079098341489075,1.6079098341489075,27.75,-0.3283627871511062,1.5551120586860268,2.0
3021,8,3.0,1.0,1.0,1.0,0.9999999999999999,1.0,1.0,1.0,20.125,-0.8506696566164168,0.9149330343383584,1.0
3022,8,16.0,2.0,2.2857142857142856,2.1375579585356257,2.443562516841105,2.443562516841105,2.443562516841105,2.506062516841105,40.25,0.5278779824641572,2.572552801982617,3.0
3023,8,1.0,1.0,1.0,1.0,1.1444268224975467,1.1444268224975467,1.1444268224975467,1.1444268224975467,24.75,-0.5338605718587695,1.0833303867066413,2.0
3024,8,2.0,1.0,1.0,1.0,1.0032372495701039,1.0032372495701039,1.0032372495701039,1.0032372495701039,20.125,-0.8506696566164168,0.917894900910444,2.0
3025,8,33.0,5.0,8.0,7.273821453226307,5.734725422586972,8.0,7.273821453226307,7.523821453226307,61.0,1.9492376600254944,8.691662124119317,8.0
3026,8,16.0,3.0,4.0,3.443153522546566,3.409783507260381,4.0,3.443153522546566,3.568153522546566,42.375,0.6734389132987519,3.675028879201019,4.0
3027,8,5.0,2.0,2.0,2.0,2.304363519025915,2.304363519025915,2.304363519025915,2.366863519025915,30.125,-0.16567704092420615,2.2661855061213245,3.0
3028,8,8.0,2.0,2.0,2.0,2.8135845999746856,2.8135845999746856,2.8135845999746856,2.8760845999746856,64.0,2.1547354447331575,3.4198376464067675,3.0
3029,8,4.0,2.0,2.0,2.0,1.5955333800361633,2.0,2.0,2.0625,18.25,-0.9791057720587063,1.8041788455882588,2.0
3030,8,7.0,2.0,2.0,2.0,1.6410657108330646,2.0,2.0,2.0625,45.25,0.8703742903102625,2.1740748580620526,2.0
3031,8,12.0,3.0,3.0,3.407328592436738,2.5145543436676543,3.0,3.407328592436738,3.532328592436738,35.75,0.21963130540266235,3.482164195106008,4.0
3032,8,1.0,1.0,1.0,1.0,2.1710095649648227,2.1710095649648227,2.1710095649648227,2.1710095649648227,9.375,-1.5870367184855434,1.8264623753865727,3.0
3033,8,6.0,3.0,3.0,3.9426460859987684,3.5673330513928696,3.5673330513928696,3.9426460859987684,4.067646085998769,59.5,1.8464887676716626,4.670651257268906,4.0
3034,8,5.0,2.0,2.0,2.2715523949578253,2.4321956790033683,2.4321956790033683,2.4321956790033683,2.4946956790033683,10.125,-1.5356622723086275,2.0586925646916145,3.0
3035,8,2.0,1.0,1.0,1.0,1.2979905718565403,1.2979905718565403,1.2979905718565403,1.2979905718565403,30.5,-0.13998981783574826,1.2798200254858687,2.0
3036,8,10.0,4.0,5.333333333333333,4.590871363395421,2.9474756846721264,5.333333333333333,4.590871363395421,4.778371363395421,31.25,-0.08861537165883246,4.5501891861849035,5.0
3037,8,4.0,1.0,1.0,1.0,1.300437231347482,1.300437231347482,1.300437231347482,1.300437231347482,15.5,-1.1674787413740644,1.1486139491385288,2.0
3038,8,4.0,2.0,2.0,2.0,2.0173793115938334,2.0173793115938334,2.0173793115938334,2.0798793115938334,31.25,-0.08861537165883246,1.9995022298464609,3.0
3039,8,10.0,4.0,6.4,4.95698923699541,3.3334680950010886,6.4,4.95698923699541,5.14448923699541,51.0,1.2642450443332836,5.583674144763897,5.0
3040,8,5.0,2.0,2.0,2.0,1.8283242839253395,2.0,2.0,2.0625,21.375,-0.7650455796548905,1.846990884069022,2.0
3041,8,14.0,1.0,1.0,1.0,2.1385287938625916,2.1385287938625916,2.1385287938625916,2.1385287938625916,59.0,1.812239136887052,2.526081351422357,3.0
3042,8,6.0,2.0,2.0,2.0,1.7037815819266249,2.0,2.0,2.0625,27.625,-0.3369251948472588,1.9326149610305483,2.0
3043,8,19.0,3.0,3.4285714285714284,3.2063369378034388,3.690268615860952,3.690268615860952,3.690268615860952,3.815268615860952,69.875,2.5571686064523313,4.633932521246544,4.0
3044,8,4.0,2.0,2.2857142857142856,2.1375579585356257,1.8081237465725453,2.2857142857142856,2.1375579585356257,2.2000579585356257,19.375,-0.9020441027933326,1.944740803448024,3.0
3045,8,2.0,2.0,2.2857142857142856,2.1375579585356257,1.6946982572492875,2.2857142857142856,2.1375579585356257,2.2000579585356257,30.875,-0.11430259474729036,2.1131251164272915,3.0
3046,8,11.0,5.0,10.0,6.733203485052171,6.4589896002710026,10.0,6.733203485052171,6.983203485052171,37.5,0.3395050131487992,6.961799118824789,7.0
3047,8,12.0,4.0,5.333333333333333,4.590871363395421,4.396458215531526,5.333333333333333,4.590871363395421,4.778371363395421,40.25,0.5278779824641572,4.833213354701586,5.0
3048,8,4.0,1.0,1.0,1.0,1.082899192842795,1.082899192842795,1.082899192842795,1.082899192842795,11.125,-1.4671630107394065,0.9240202288329441,2.0
3049,8,7.0,3.0,3.4285714285714284,3.2063369378034388,3.286537613272048,3.4285714285714284,3.286537613272048,3.411537613272048,42.375,0.6734389132987519,3.507865845151788,4.0
3050,8,8.0,4.0,5.333333333333333,4.590871363395421,2.8963843592595917,5.333333333333333,4.590871363395421,4.778371363395421,31.375,-0.08005296396267983,4.554120077414302,5.0
3051,8,1.0,1.0,1.0,1.0,1.0,1.0,1.0,1.0,8.0,-1.6812232031432224,0.8318776796856777,1.0
3052,8,10.0,4.0,6.4,4.95698923699541,4.2291026123117605,6.4,4.95698923699541,5.14448923699541,55.0,1.538242090610168,5.719494185700202,5.0
3053,8,8.0,3.0,3.4285714285714284,3.2063369378034388,2.272145985662346,3.4285714285714284,3.2063369378034388,3.3313369378034388,18.625,-0.9534185489702485,2.9006388267284122,4.0
3054,8,5.0,2.0,2.0,2.2715523949578253,2.125515119428621,2.125515119428621,2.2715523949578253,2.3340523949578253,47.125,0.998810405752552,2.498437411887426,3.0
3055,8,2.0,1.0,1.0,1.0,2.1637686121799256,2.1637686121799256,2.1637686121799256,2.1637686121799256,25.5,-0.4824861256818536,2.059369778723656,3.0
3056,8,3.0,1.0,1.0,1.0,2.065581734842284,2.065581734842284,2.065581734842284,2.065581734842284,38.25,0.390879459325715,2.146321082013106,3.0
3057,8,3.0,1.0,1.0,1.0,1.078415513674535,1.078415513674535,1.078415513674535,1.078415513674535,36.125,0.24531852849112024,1.1048710443661984,2.0
3058,8,2.0,1.0,1.0,1.0,1.583152186864584,1.583152186864584,1.583152186864584,1.583152186864584,30.5,-0.13998981783574826,1.56098966824004,2.0
3059,8,4.0,2.0,2.0,2.0,1.6246869078072768,2.0,2.0,2.0625,25.0,-0.5167357564664641,1.8966528487067071,2.0
3060,8,3.0,1.0,1.0,1.0,1.0000000000000013,1.0000000000000013,1.0000000000000013,1.0000000000000013,22.25,-0.705108725781822,0.929489127421819,2.0
3061,8,12.0,3.0,3.0,3.9426460859987684,1.796529770579368,3.0,3.9426460859987684,4.067646085998769,27.375,-0.3540500102395641,3.8030566972868844,4.0
3062,8,8.0,4.0,4.571428571428571,5.74252713155054,2.756085920834015,4.571428571428571,5.74252713155054,5.93002713155054,33.25,0.04838315147960968,5.770311287558698,6.0
3063,8,9.0,3.0,3.4285714285714284,3.2063369378034388,2.1254763784389388,3.4285714285714284,3.2063369378034388,3.3313369378034388,33.75,0.0826327822642202,3.2328317920081626,4.0
3064,8,3.0,3.0,4.0,3.443153522546566,3.4422156850247814,4.0,3.443153522546566,3.568153522546566,17.5,-1.030480218235622,3.0883433632133124,4.0
3065,8,2.0,2.0,2.0,2.2715523949578253,1.4387276788076129,2.0,2.2715523949578253,2.3340523949578253,22.625,-0.6794215026933642,2.1172182407949296,3.0
3066,8,3.0,1.0,1.0,1.0,2.008069000551825,2.008069000551825,2.008069000551825,2.008069000551825,24.25,-0.56811020264338,1.8939885518692863,3.0
3067,8,6.0,1.0,1.0,1.0,2.5769028621497743,2.5769028621497743,2.5769028621497743,2.5769028621497743,68.125,2.4372948987061944,3.204970082187678,3.0
3068,8,6.0,3.0,3.0,3.407328592436738,4.8806248721390695,4.8806248721390695,4.8806248721390695,5.0056248721390695,49.375,1.1529337442832994,5.443328582966819,5.0
3069,8,2.0,1.0,1.0,1.0,1.3495785368945812,1.3495785368945812,1.3495785368945812,1.3495785368945812,28.75,-0.25986352558188514,1.3145079132298745,2.0
3070,8,4.0,3.0,4.0,3.443153522546566,2.990445746222141,4.0,3.443153522546566,3.568153522546566,14.75,-1.21885318755098,3.0234836579282396,4.0
3071,8,6.0,1.0,1.0,1.0,1.7745555105589288,1.7745555105589288,1.7745555105589288,1.7745555105589288,42.25,0.6648765056025993,1.8925415372447543,2.0
3072,8,4.0,1.0,1.0,1.0,1.1088820079229293,1.1088820079229293,1.1088820079229293,1.1088820079229293,18.0,-0.9962305874510116,0.9984117905062376,2.0
3073,8,19.0,7.0,28.0,14.160351404155936,6.70789423850032,28.0,14.160351404155936,14.535351404155936,60.5,1.9149880292408838,16.87204174703623,15.0
3074,8,3.0,1.0,1.0,1.0,1.0000000000000013,1.0000000000000013,1.0000000000000013,1.0000000000000013,12.75,-1.3558517106894221,0.8644148289310589,2.0
3075,8,8.0,2.0,2.2857142857142856,2.1375579585356257,2.5662392488479338,2.5662392488479338,2.5662392488479338,2.6287392488479338,29.75,-0.19136426401266407,2.517130600334314,3.0
3076,8,6.0,3.0,3.4285714285714284,3.676009769735622,2.618285477574233,3.4285714285714284,3.676009769735622,3.801009769735622,34.125,0.1083200053526781,3.715828309529048,4.0
3077,8,2.0,1.0,1.0,1.0,1.3135402262099283,1.3135402262099283,1.3135402262099283,1.3135402262099283,16.125,-1.124666702893301,1.1658107306770042,2.0
3078,8,6.0,2.0,2.0,2.2715523949578253,1.3539401312697619,2.0,2.2715523949578253,2.3340523949578253,32.75,0.014133520694999142,2.2747628982362165,3.0
3079,8,6.0,3.0,3.4285714285714284,3.676009769735622,3.779059405216014,3.779059405216014,3.779059405216014,3.904059405216014,52.0,1.3327443059025046,4.282711395612909,4.0
3080,8,13.0,2.0,2.0,2.2715523949578253,3.981494045581299,3.981494045581299,3.981494045581299,4.043994045581298,55.75,1.5896165367870836,4.6143989231788325,4.0
3081,8,9.0,4.0,5.333333333333333,5.320921844268105,2.764676413814363,5.333333333333333,5.320921844268105,5.508421844268105,34.0,0.09975759765652548,5.374002082318336,6.0
3082,8,11.0,2.0,2.0,2.2715523949578253,2.1405270625871946,2.1405270625871946,2.2715523949578253,2.3340523949578253,39.75,0.4936283516795466,2.3836826614055013,3.0
3083,8,7.0,4.0,4.571428571428571,5.74252713155054,4.789200043477942,4.789200043477942,5.74252713155054,5.93002713155054,48.0,1.0587472596256204,6.350515617936031,6.0
3084,8,4.0,2.0,2.2857142857142856,2.1375579585356257,1.6997414758853266,2.2857142857142856,2.1375579585356257,2.2000579585356257,24.75,-0.5338605718587695,2.0234421671231164,3.0
3085,8,2.0,1.0,1.0,1.0,1.0000000000000009,1.0000000000000009,1.0000000000000009,1.0000000000000009,21.0,-0.7907328027433485,0.920926719725666,2.0
3086,8,3.0,2.0,2.0,2.2715523949578253,1.372671191167222,2.0,2.2715523949578253,2.3340523949578253,24.25,-0.56811020264338,2.142503185816371,3.0
3087,8,6.0,3.0,4.0,3.443153522546566,2.7428307191324914,4.0,3.443153522546566,3.568153522546566,23.125,-0.6451718719087536,3.221010942205507,4.0
3088,8,2.0,1.0,1.0,1.0,1.1591307918029414,1.1591307918029414,1.1591307918029414,1.1591307918029414,12.375,-1.38153893377788,0.9989923599812868,2.0
3089,8,3.0,1.0,1.0,1.0,1.0020595147953408,1.0020595147953408,1.0020595147953408,1.0020595147953408,34.75,0.15113204383344128,1.0172038450467176,2.0
3090,8,18.0,6.0,12.0,11.916610568939126,6.826762757769875,12.0,11.916610568939126,12.229110568939126,48.25,1.0758720750179256,13.198685422937633,12.0
3091,8,10.0,4.0,5.333333333333333,5.320921844268105,4.810841718895217,5.333333333333333,5.320921844268105,5.508421844268105,30.0,-0.17423944862035878,5.228210395438375,6.0
3092,8,2.0,1.0,1.0,1.0,1.8917079303028013,1.8917079303028013,1.8917079303028013,1.8917079303028013,25.875,-0.4567989025933957,1.8052949196438468,2.0
3093,8,1.0,1.0,1.0,1.0,1.2569246261447153,1.2569246261447153,1.2569246261447153,1.2569246261447153,23.625,-0.6109222411241431,1.1801363051918698,2.0
3094,8,14.0,3.0,4.0,3.443153522546566,2.3943813178870386,4.0,3.443153522546566,3.568153522546566,50.375,1.2214330058525205,3.863711658212141,4.0
3095,8,11.0,3.0,4.0,3.443153522546566,3.1282268453450057,4.0,3.443153522546566,3.568153522546566,46.5,0.9559983672717888,3.7723184371286287,4.0
3096,8,6.0,3.0,4.0,3.443153522546566,3.0638007712132973,4.0,3.443153522546566,3.568153522546566,27.875,-0.31980037945495354,3.333041342243361,4.0
3097,8,4.0,2.0,2.2857142857142856,2.1375579585356257,2.9355896603970857,2.9355896603970857,2.9355896603970857,2.9980896603970857,26.25,-0.4311116795049378,2.809032961513974,3.0
3098,8,2.0,1.0,1.0,1.0,1.3000737357917909,1.3000737357917909,1.3000737357917909,1.3000737357917909,21.25,-0.7736079873510431,1.1994989931764068,2.0
3099,8,5.0,2.0,2.0,2.0,2.5235834760807037,2.5235834760807037,2.5235834760807037,2.5860834760807037,33.0,0.03125833608730441,2.531471778124674,3.0
3100,8,8.0,1.0,1.0,1.0,1.558657519684168,1.558657519684168,1.558657519684168,1.558657519684168,23.0,-0.6537342796049063,1.4567627346060181,2.0
3101,8,3.0,1.0,1.0,1.0,1.1116209151844019,1.1116209151844019,1.1116209151844019,1.1116209151844019,20.125,-0.8506696566164168,1.0170586969636477,2.0
3102,8,7.0,1.0,1.0,1.0,1.5825447327821176,1.5825447327821176,1.5825447327821176,1.5825447327821176,38.125,0.38231705162956237,1.6430481164130328,2.0
3103,8,4.0,2.0,2.0,2.2715523949578253,1.378906947216358,2.0,2.2715523949578253,2.3340523949578253,29.875,-0.1828018563165114,2.2300279955059747,3.0
3104,8,9.0,2.0,2.0,2.0,2.12806219674536,2.12806219674536,2.12806219674536,2.19056219674536,50.375,1.2214330058525205,2.3879907373065405,3.0
3105,8,1.0,1.0,1.0,1.0,1.0004218244534568,1.0004218244534568,1.0004218244534568,1.0004218244534568,20.875,-0.799295210439501,0.9204585871829772,2.0
3106,8,6.0,2.0,2.0,2.0,1.468843025794135,2.0,2.0,2.0625,27.75,-0.3283627871511062,1.9343274425697787,2.0
3107,8,1.0,1.0,1.0,1.0,1.7467055261351283,1.7467055261351283,1.7467055261351283,1.7467055261351283,18.125,-0.987668179754859,1.5741889793785646,2.0
3108,8,6.0,3.0,3.0,3.9426460859987684,3.0091143110131515,3.0091143110131515,3.9426460859987684,4.067646085998769,51.875,1.324181898206352,4.4647241438101375,4.0
3109,8,4.0,2.0,2.0,2.2715523949578253,2.0344831234983656,2.0344831234983656,2.2715523949578253,2.3340523949578253,29.875,-0.1828018563165114,2.2300279955059747,3.0
3110,8,12.0,2.0,2.0,2.0,3.2644061681739247,3.2644061681739247,3.2644061681739247,3.3269061681739247,48.375,1.0844344827140784,3.6184096296091584,4.0
3111,8,3.0,1.0,1.0,1.0,1.3368617396624711,1.3368617396624711,1.3368617396624711,1.3368617396624711,25.0,-0.5167357564664641,1.267781313428915,2.0
3112,8,22.0,4.0,6.4,4.95698923699541,5.43226667624424,6.4,5.43226667624424,5.61976667624424,63.25,2.1033609985562416,6.574868462301128,6.0
3113,8,6.0,2.0,2.0,2.0,4.266162411692498,4.266162411692498,4.266162411692498,4.328662411692498,37.875,0.3651922362372571,4.42195935082023,5.0
3114,8,3.0,2.0,2.2857142857142856,2.1375579585356257,2.3458755432123315,2.3458755432123315,2.3458755432123315,2.4083755432123315,43.5,0.7505005825641257,2.5219336393927105,3.0
3115,8,10.0,3.0,3.4285714285714284,3.676009769735622,3.048848828643366,3.4285714285714284,3.676009769735622,3.801009769735622,38.0,0.37375464393340974,3.8134023419939496,4.0
3116,8,6.0,1.0,1.0,1.0,1.7096364610840848,1.7096364610840848,1.7096364610840848,1.7096364610840848,37.25,0.32238019775649396,1.7647517551256846,2.0
3117,8,20.0,4.0,4.571428571428571,5.74252713155054,4.2733538378287665,4.571428571428571,5.74252713155054,5.93002713155054,47.375,1.0159352211448573,6.325930688682754,6.0
3118,8,3.0,1.0,1.0,1.0,1.0,1.0,1.0,1.0,24.75,-0.5338605718587695,0.946613942814123,1.0
3119,8,6.0,2.0,2.0,2.2715523949578253,1.785509940413104,2.0,2.2715523949578253,2.3340523949578253,35.5,0.2025064900103571,2.3175528051955783,3.0
3120,8,2.0,2.0,2.0,2.0,1.5798209193953923,2.0,2.0,2.0625,25.5,-0.4824861256818536,1.9035027748636293,2.0
3121,8,3.0,1.0,1.0,1.0,1.3928869775840154,1.3928869775840154,1.3928869775840154,1.3928869775840154,55.125,1.5468044983063205,1.6083393618399402,2.0
3122,8,4.0,2.0,2.0,2.2715523949578253,2.0667784431575984,2.0667784431575984,2.2715523949578253,2.3340523949578253,22.125,-0.7136711334779747,2.1094382577114095,3.0
3123,8,2.0,1.0,1.0,1.0,1.0000000000000016,1.0000000000000016,1.0000000000000016,1.0000000000000016,18.0,-0.9962305874510116,0.9003769412549003,2.0
3124,8,1.0,1.0,1.0,1.0,1.3562909538445627,1.3562909538445627,1.3562909538445627,1.3562909538445627,31.625,-0.06292814857037456,1.347756065979744,2.0
3125,8,2.0,1.0,1.0,1.0,1.153927211357926,1.153927211357926,1.153927211357926,1.153927211357926,25.5,-0.4824861256818536,1.0982518244052308,2.0
3126,8,1.0,1.0,1.0,1.0,1.2984503839671153,1.2984503839671153,1.2984503839671153,1.2984503839671153,27.125,-0.3711748256318694,1.2502551744810526,2.0
3127,8,6.0,2.0,2.0,2.2715523949578253,2.138010004303187,2.138010004303187,2.2715523949578253,2.3340523949578253,44.875,0.8446870672218045,2.4634274880115847,3.0
3128,8,3.0,1.0,1.0,1.0,1.5241418842138805,1.5241418842138805,1.5241418842138805,1.5241418842138805,16.0,-1.1332291105894536,1.3514216890278976,2.0
3129,8,6.0,2.0,2.0,2.0,2.1160888843410075,2.1160888843410075,2.1160888843410075,2.1785888843410075,49.0,1.1272465211948415,2.3546242676822553,3.0
3130,8,4.0,2.0,2.0,2.2715523949578253,2.0351963473064947,2.0351963473064947,2.2715523949578253,2.3340523949578253,24.125,-0.5766726103395325,2.140558190045491,3.0
3131,8,10.0,3.0,4.0,3.443153522546566,2.5432696569964826,4.0,3.443153522546566,3.568153522546566,41.875,0.6391892825141414,3.663236205512824,4.0
3132,8,3.0,2.0,2.2857142857142856,2.1375579585356257,2.0505653364255902,2.2857142857142856,2.1375579585356257,2.2000579585356257,15.25,-1.1846035567663695,1.8843420824880694,3.0
3133,8,4.0,1.0,1.0,1.0,1.4299701687391586,1.4299701687391586,1.4299701687391586,1.4299701687391586,14.25,-1.2531028183355906,1.2507802038808726,2.0
3134,8,2.0,1.0,1.0,1.0,1.2998787992823144,1.2998787992823144,1.2998787992823144,1.2998787992823144,17.0,-1.0647298490202326,1.1614768235118684,2.0
3135,8,20.0,4.0,5.333333333333333,5.320921844268105,3.24067176332329,5.333333333333333,5.320921844268105,5.508421844268105,54.25,1.486867644433252,6.112072497148141,6.0
3136,8,2.0,1.0,1.0,1.0,1.2572256921900733,1.2572256921900733,1.2572256921900733,1.2572256921900733,20.875,-0.799295210439501,1.156736244769172,2.0
3137,8,22.0,6.0,12.0,11.916610568939126,4.671841076501198,12.0,11.916610568939126,12.229110568939126,50.75,1.2471202289409784,13.402755179032711,12.0
3138,8,3.0,2.0,2.0,2.2715523949578253,2.0317938664130812,2.0317938664130812,2.2715523949578253,2.3340523949578253,22.375,-0.6965463180856695,2.1133282492531698,3.0
3139,8,7.0,2.0,2.2857142857142856,2.1375579585356257,3.6128002841723688,3.6128002841723688,3.6128002841723688,3.6753002841723688,66.125,2.3002963755677523,4.443851424105553,4.0
3140,8,6.0,2.0,2.0,2.0,2.0668757726430504,2.0668757726430504,2.0668757726430504,2.1293757726430504,22.25,-0.705108725781822,1.9211385584032843,3.0
3141,8,2.0,1.0,1.0,1.0,1.2375729331168108,1.2375729331168108,1.2375729331168108,1.2375729331168108,26.625,-0.4054244564164799,1.1873986997483477,2.0
3142,8,9.0,3.0,3.4285714285714284,3.2063369378034388,4.550103741309012,4.550103741309012,4.550103741309012,4.675103741309012,54.625,1.51255486752171,5.238331897473581,5.0
3143,8,7.0,2.0,2.0,2.2715523949578253,3.0565092199988646,3.0565092199988646,3.0565092199988646,3.1190092199988646,27.625,-0.3369251948472588,2.9535277235488087,4.0
3144,8,6.0,2.0,2.2857142857142856,2.1375579585356257,2.508593001149588,2.508593001149588,2.508593001149588,2.571093001149588,35.125,0.17681926692189917,2.552949758696456,3.0
3145,8,10.0,2.0,2.0,2.2715523949578253,6.659576590397947,6.659576590397947,6.659576590397947,6.722076590397947,54.75,1.5211172752178626,7.672576290127026,7.0
3146,8,11.0,4.0,5.333333333333333,4.590871363395421,3.184594087868402,5.333333333333333,4.590871363395421,4.778371363395421,45.375,0.8789366980064152,4.99437989510692,5.0
3147,8,8.0,2.0,2.0,2.2715523949578253,3.4438582371973228,3.4438582371973228,3.4438582371973228,3.5063582371973228,33.25,0.04838315147960968,3.460520708673785,4.0
3148,8,5.0,1.0,1.0,1.0,1.5623223522005625,1.5623223522005625,1.5623223522005625,1.5623223522005625,43.75,0.7676253979564309,1.6822501839349808,2.0
3149,8,6.0,1.0,1.0,1.0,1.2554513389816768,1.2554513389816768,1.2554513389816768,1.2554513389816768,16.125,-1.124666702893301,1.1142549071761265,2.0
3150,8,11.0,5.0,8.0,7.273821453226307,5.2206533512963045,8.0,7.273821453226307,7.523821453226307,53.75,1.4526180136486415,8.330429860328355,8.0
3151,8,19.0,5.0,10.0,6.733203485052171,5.8286966926139625,10.0,6.733203485052171,6.983203485052171,59.375,1.83792635997551,7.970716702277807,7.0
3152,8,5.0,2.0,2.2857142857142856,2.1375579585356257,3.18569688277923,3.18569688277923,3.18569688277923,3.24819688277923,20.375,-0.8335448412241115,2.9201547625447937,4.0
3153,8,5.0,2.0,2.2857142857142856,2.1375579585356257,2.3325506767403725,2.3325506767403725,2.3325506767403725,2.3950506767403725,41.875,0.6391892825141414,2.481644816089728,3.0
3154,8,2.0,1.0,1.0,1.0,1.0007647202907584,1.0007647202907584,1.0007647202907584,1.0007647202907584,20.75,-0.8078576181356537,0.9199171799659298,2.0
3155,8,8.0,1.0,1.0,1.0,1.609673927940574,1.609673927940574,1.609673927940574,1.609673927940574,27.75,-0.3283627871511062,1.5568182262022705,2.0
3156,8,2.0,1.0,1.0,1.0,1.7232259496495084,1.7232259496495084,1.7232259496495084,1.7232259496495084,28.5,-0.2769883409741904,1.6754945999577993,2.0
3157,8,2.0,1.0,1.0,1.0,1.298865315627257,1.298865315627257,1.298865315627257,1.298865315627257,18.375,-0.9705433643625537,1.172804804298986,2.0
3158,8,2.0,1.0,1.0,1.0,1.0000000000000004,1.0000000000000004,1.0000000000000004,1.0000000000000004,17.875,-1.0047929951471641,0.899520700485284,2.0
3159,8,2.0,1.0,1.0,1.0,2.1557288014242912,2.1557288014242912,2.1557288014242912,2.1557288014242912,48.25,1.0758720750179256,2.387657643300717,3.0
3160,8,2.0,1.0,1.0,1.0,2.230423651331468,2.230423651331468,2.230423651331468,2.230423651331468,45.5,0.8874991057025677,2.428373550920921,3.0
3161,8,3.0,1.0,1.0,1.0,1.7118189558592496,1.7118189558592496,1.7118189558592496,1.7118189558592496,27.625,-0.3369251948472588,1.6541434623346387,2.0
3162,8,3.0,2.0,2.2857142857142856,2.1375579585356257,2.1990069801653425,2.2857142857142856,2.1990069801653425,2.2615069801653425,30.5,-0.13998981783574826,2.168223121508054,3.0
3163,8,1.0,1.0,1.0,1.0,1.6709809705147811,1.6709809705147811,1.6709809705147811,1.6709809705147811,23.5,-0.6194846488202957,1.5674662645443065,2.0
3164,8,6.0,2.0,2.0,2.2715523949578253,2.1701466641057583,2.1701466641057583,2.2715523949578253,2.3340523949578253,22.875,-0.662296687301059,2.12110823233669,3.0
3165,8,17.0,5.0,6.666666666666667,9.753057789243005,5.484581401805183,6.666666666666667,9.753057789243005,10.003057789243005,63.125,2.0947985908600892,11.796126960591332,10.0
3166,8,2.0,1.0,1.0,1.0,1.0003954698657893,1.0003954698657893,1.0003954698657893,1.0003954698657893,24.75,-0.5338605718587695,0.946988300103042,2.0
3167,8,7.0,3.0,3.0,3.9426460859987684,3.2114493433582156,3.2114493433582156,3.9426460859987684,4.067646085998769,35.75,0.21963130540266235,4.029238936659629,4.0
3168,8,7.0,4.0,5.333333333333333,5.320921844268105,4.04465746782378,5.333333333333333,5.320921844268105,5.508421844268105,21.25,-0.7736079873510431,4.90929108038846,6.0
3169,8,2.0,1.0,1.0,1.0,1.3089683844691866,1.3089683844691866,1.3089683844691866,1.3089683844691866,18.75,-0.9448561412740958,1.1852897027892524,2.0
3170,8,6.0,1.0,1.0,1.0,1.3903127469797498,1.3903127469797498,1.3903127469797498,1.3903127469797498,19.25,-0.9106065104894853,1.2637099630781217,2.0
3171,8,4.0,2.0,2.2857142857142856,2.1375579585356257,1.684286862344719,2.2857142857142856,2.1375579585356257,2.2000579585356257,29.625,-0.1999266717088167,2.0948224737121537,3.0
3172,8,2.0,1.0,1.0,1.0,1.3513211619947036,1.3513211619947036,1.3513211619947036,1.3513211619947036,16.375,-1.107541887500996,1.2016566829571385,2.0
3173,8,6.0,2.0,2.2857142857142856,2.1375579585356257,2.6104054860447494,2.6104054860447494,2.6104054860447494,2.6729054860447494,38.875,0.4336914978064782,2.723616552557249,3.0
3174,8,1.0,1.0,1.0,1.0,1.0,1.0,1.0,1.0,10.0,-1.54422468000478,0.845577531999522,1.0
3175,8,3.0,2.0,2.0,2.2715523949578253,1.9614152310947026,2.0,2.2715523949578253,2.3340523949578253,27.5,-0.3454876025434115,2.193073075859253,3.0
3176,8,4.0,1.0,1.0,1.0,1.3008374322199967,1.3008374322199967,1.3008374322199967,1.3008374322199967,29.75,-0.19136426401266407,1.2759440524383063,2.0
3177,8,2.0,1.0,1.0,1.0,1.661263314879077,1.661263314879077,1.661263314879077,1.661263314879077,16.5,-1.0989794798048431,1.4786938855186091,2.0
3178,8,8.0,1.0,1.0,1.0,1.739669014872765,1.739669014872765,1.739669014872765,1.739669014872765,23.125,-0.6451718719087536,1.627430463390053,2.0
3179,8,3.0,2.0,2.2857142857142856,2.1375579585356257,2.6747758275550426,2.6747758275550426,2.6747758275550426,2.7372758275550426,74.75,2.891102506602284,3.4480809375194013,3.0
3180,8,2.0,1.0,1.0,1.0,1.9580080965720015,1.9580080965720015,1.9580080965720015,1.9580080965720015,50.125,1.204308190460215,2.193812615340909,2.0
3181,8,2.0,1.0,1.0,1.0,1.1521413789141408,1.1521413789141408,1.1521413789141408,1.1521413789141408,22.25,-0.705108725781822,1.0709028849534747,2.0
3182,8,2.0,1.0,1.0,1.0,1.2867765683739836,1.2867765683739836,1.2867765683739836,1.2867765683739836,15.625,-1.1589163336779116,1.1376499300857215,2.0
3183,8,6.0,3.0,3.4285714285714284,3.2063369378034388,2.1235181320163043,3.4285714285714284,3.2063369378034388,3.3313369378034388,31.625,-0.06292814857037456,3.1861600530845613,4.0
3184,8,3.0,1.0,1.0,1.0,1.4312758569585902,1.4312758569585902,1.4312758569585902,1.4312758569585902,28.75,-0.25986352558188514,1.3940822179316408,2.0
3185,8,1.0,1.0,1.0,1.0,1.1580896562516942,1.1580896562516942,1.1580896562516942,1.1580896562516942,14.875,-1.2102907798548275,1.0179271329310269,2.0
3186,8,10.0,4.0,4.571428571428571,5.74252713155054,3.46833129018889,4.571428571428571,5.74252713155054,5.93002713155054,49.5,1.161496151979452,6.409519448143895,6.0
3187,8,2.0,2.0,2.2857142857142856,2.1375579585356257,1.9985916050617558,2.2857142857142856,2.1375579585356257,2.2000579585356257,19.25,-0.9106065104894853,1.9429105391765102,3.0
3188,8,2.0,2.0,2.0,2.2715523949578253,1.8511506334744543,2.0,2.2715523949578253,2.3340523949578253,17.0,-1.0647298490202326,2.029693431105326,3.0
3189,8,2.0,1.0,1.0,1.0,1.0114028828404416,1.0114028828404416,1.0114028828404416,1.0114028828404416,18.375,-0.9705433643625537,0.9132418471766468,2.0
3190,8,16.0,3.0,3.4285714285714284,3.2063369378034388,2.463614846751923,3.4285714285714284,3.2063369378034388,3.3313369378034388,26.875,-0.38829964102417464,3.081834989608276,4.0
3191,8,4.0,2.0,2.0,2.0,2.1905169265272493,2.1905169265272493,2.1905169265272493,2.2530169265272493,39.625,0.485065943983394,2.2967714426050034,3.0
3192,8,9.0,2.0,2.0,2.2715523949578253,2.7456667789398668,2.7456667789398668,2.7456667789398668,2.8081667789398668,25.25,-0.4996109410741589,2.6084902626096467,3.0
3193,8,12.0,3.0,3.4285714285714284,3.676009769735622,3.028192000912191,3.4285714285714284,3.676009769735622,3.801009769735622,57.0,1.67524061374861,4.291829856015401,4.0
3194,8,10.0,3.0,3.0,3.9426460859987684,4.959326772404176,4.959326772404176,4.959326772404176,5.084326772404176,46.125,0.9303111441833309,5.420698468805612,5.0
3195,8,1.0,1.0,1.0,1.0,1.4028579680663875,1.4028579680663875,1.4028579680663875,1.4028579680663875,21.625,-0.7479207642625852,1.2979353077035805,2.0
3196,8,6.0,2.0,2.0,2.2715523949578253,1.6956447123982497,2.0,2.2715523949578253,2.3340523949578253,46.0,0.9217487364871783,2.4809324499495053,3.0
3197,8,3.0,2.0,2.2857142857142856,2.1375579585356257,2.4909875500018135,2.4909875500018135,2.4909875500018135,2.5534875500018135,16.25,-1.1161042951971485,2.2129673596178487,3.0
3198,8,13.0,4.0,4.571428571428571,5.74252713155054,5.927781949423341,5.927781949423341,5.927781949423341,6.115281949423341,62.5,2.0519865523793257,7.1441548339887015,6.0
3199,8,4.0,1.0,1.0,1.0,1.8140094523731847,1.8140094523731847,1.8140094523731847,1.8140094523731847,24.375,-0.5595477949472273,1.7125069534643005,2.0
3200,8,2.0,1.0,1.0,1.0,1.4973705664729007,1.4973705664729007,1.4973705664729007,1.4973705664729007,16.875,-1.0732922567163854,1.3366589430298617,2.0
3201,8,3.0,1.0,1.0,1.0,1.607047164696496,1.607047164696496,1.607047164696496,1.607047164696496,53.125,1.4098059751678784,1.833609634213068,2.0
3202,8,7.0,3.0,3.4285714285714284,3.2063369378034388,2.839147076338698,3.4285714285714284,3.2063369378034388,3.3313369378034388,44.875,0.8446870672218045,3.477172072255252,4.0
3203,8,4.0,2.0,2.0,2.0,2.495951116017563,2.495951116017563,2.495951116017563,2.558451116017563,51.625,1.3070570828140469,2.822186174472401,3.0
3204,8,2.0,1.0,1.0,1.0,1.155454598320801,1.155454598320801,1.155454598320801,1.155454598320801,14.5,-1.2359780029432854,1.012642951628383,2.0
3205,8,7.0,2.0,2.0,2.0,3.308858168983526,3.308858168983526,3.308858168983526,3.371358168983526,16.75,-1.081854664412538,2.9508878045840903,4.0
3206,8,7.0,2.0,2.2857142857142856,2.1375579585356257,1.8660278106878572,2.2857142857142856,2.1375579585356257,2.2000579585356257,41.0,0.579252428641073,2.261376522419907,3.0
3207,8,2.0,1.0,1.0,1.0,1.3928038146904735,1.3928038146904735,1.3928038146904735,1.3928038146904735,35.375,0.19394408231420446,1.4198164204588601,2.0
3208,8,10.0,4.0,5.333333333333333,5.320921844268105,4.368955102533226,5.333333333333333,5.320921844268105,5.508421844268105,64.25,2.1718602601254626,6.4765517143480436,6.0
3209,8,3.0,2.0,2.0,2.0,2.0695452877679856,2.0695452877679856,2.0695452877679856,2.1320452877679856,33.625,0.07407037456806757,2.084874487233041,3.0
3210,8,5.0,2.0,2.2857142857142856,2.1375579585356257,2.168139544002199,2.2857142857142856,2.168139544002199,2.230639544002199,26.5,-0.4139868641126325,2.0783814149241926,3.0
3211,8,5.0,3.0,3.4285714285714284,3.2063369378034388,2.476114076735297,3.4285714285714284,3.2063369378034388,3.3313369378034388,35.875,0.22819371309881498,3.2795035309317635,4.0
3212,8,9.0,3.0,3.4285714285714284,3.2063369378034388,3.1684020002147464,3.4285714285714284,3.2063369378034388,3.3313369378034388,47.375,1.0159352211448573,3.532080000400665,4.0
3213,8,13.0,4.0,5.333333333333333,5.320921844268105,4.67756705427987,5.333333333333333,5.320921844268105,5.508421844268105,47.125,0.998810405752552,5.85238105489321,6.0
3214,8,9.0,3.0,4.0,3.443153522546566,5.726101757551987,5.726101757551987,5.726101757551987,5.851101757551987,52.0,1.3327443059025046,6.489244708791561,6.0
3215,8,6.0,1.0,1.0,1.0,2.172189242688254,2.172189242688254,2.172189242688254,2.172189242688254,39.25,0.4593787208949361,2.271974994273041,3.0
3216,8,2.0,1.0,1.0,1.0,1.0052073810974218,1.0052073810974218,1.0052073810974218,1.0052073810974218,20.375,-0.8335448412241115,0.9214188384100063,2.0
3217,8,20.0,5.0,6.666666666666667,9.753057789243005,6.005328510637666,6.666666666666667,9.753057789243005,10.003057789243005,76.875,3.0366634374368786,12.714733188423326,10.0
3218,8,9.0,3.0,3.4285714285714284,3.676009769735622,3.263893443412478,3.4285714285714284,3.676009769735622,3.801009769735622,38.875,0.4336914978064782,3.835435188034411,4.0
3219,8,6.0,2.0,2.0,2.0,2.2321550613390295,2.2321550613390295,2.2321550613390295,2.2946550613390295,49.0,1.1272465211948415,2.4837739641052177,3.0
3220,8,6.0,4.0,5.333333333333333,5.320921844268105,3.548192683892081,5.333333333333333,5.320921844268105,5.508421844268105,40.5,0.5450027978564624,5.610913573498274,6.0
3221,8,8.0,2.0,2.0,2.2715523949578253,2.084201625823572,2.084201625823572,2.2715523949578253,2.3340523949578253,22.5,-0.6879839103895168,2.1152732450240497,3.0
3222,8,2.0,1.0,1.0,1.0,1.4274314494545899,1.4274314494545899,1.4274314494545899,1.4274314494545899,13.875,-1.2787900414240485,1.2448929372167874,2.0
3223,8,2.0,1.0,1.0,1.0,1.0967737821725732,1.0967737821725732,1.0967737821725732,1.0967737821725732,14.0,-1.270227633727896,0.9574585455661869,2.0
3224,8,6.0,1.0,1.0,1.0,2.0403274005154746,2.0403274005154746,2.0403274005154746,2.0403274005154746,22.25,-0.705108725781822,1.8964621351599542,3.0
3225,8,1.0,1.0,1.0,1.0,1.1769614610409587,1.1769614610409587,1.1769614610409587,1.1769614610409587,39.125,0.45081631319878346,1.2300208037053124,2.0
3226,8,7.0,3.0,3.4285714285714284,3.676009769735622,3.1405033010072527,3.4285714285714284,3.676009769735622,3.801009769735622,58.25,1.7608646907101364,4.323305350358918,4.0
3227,8,3.0,2.0,2.2857142857142856,2.1375579585356257,1.9987966384631806,2.2857142857142856,2.1375579585356257,2.2000579585356257,14.5,-1.2359780029432854,1.8733604968589868,3.0
3228,8,13.0,5.0,8.0,7.273821453226307,4.566659369611816,8.0,7.273821453226307,7.523821453226307,72.625,2.7455415757676893,9.270879374680685,8.0
3229,8,2.0,1.0,1.0,1.0,1.0000000000000004,1.0000000000000004,1.0000000000000004,1.0000000000000004,26.625,-0.4054244564164799,0.9594575543583524,2.0
3230,8,8.0,3.0,3.0,3.407328592436738,1.495853294198012,3.0,3.407328592436738,3.532328592436738,53.25,1.418368382864031,3.890613306990825,4.0
3231,8,3.0,1.0,1.0,1.0,1.3658573012007147,1.3658573012007147,1.3658573012007147,1.3658573012007147,17.5,-1.030480218235622,1.2251084082187116,2.0
3232,8,1.0,1.0,1.0,1.0,1.4952584344057338,1.4952584344057338,1.4952584344057338,1.4952584344057338,11.5,-1.4414757876509485,1.2797205514580607,2.0
3233,8,3.0,2.0,2.0,2.2715523949578253,1.9921818855343343,2.0,2.2715523949578253,2.3340523949578253,20.75,-0.8078576181356537,2.0880433042317286,3.0
3234,8,5.0,2.0,2.0,2.0,1.2109431904261436,2.0,2.0,2.0625,29.25,-0.2256138947972746,1.9548772210405452,2.0
3235,8,4.0,1.0,1.0,1.0,1.5541288270923366,1.5541288270923366,1.5541288270923366,1.5541288270923366,38.375,0.3994418670218676,1.6162072391209634,2.0
3236,8,1.0,1.0,1.0,1.0,1.3842771922256714,1.3842771922256714,1.3842771922256714,1.3842771922256714,11.875,-1.4157885645624906,1.1882928103318937,2.0
3237,8,10.0,3.0,3.4285714285714284,3.676009769735622,3.9780770968790957,3.9780770968790957,3.9780770968790957,4.103077096879096,50.875,1.255682636637131,4.4775973306545875,4.0
3238,8,2.0,2.0,2.0,2.0,1.9999847265275477,2.0,2.0,2.0625,15.375,-1.176041149070217,1.7647917701859566,2.0
3239,8,1.0,1.0,1.0,1.0,1.0000000000000004,1.0000000000000004,1.0000000000000004,1.0000000000000004,15.75,-1.150353925981759,0.8849646074018245,2.0
3240,8,2.0,2.0,2.0,2.0,2.0012518670141493,2.0012518670141493,2.0012518670141493,2.0637518670141493,28.25,-0.29411315636649565,1.942392416684962,3.0
3241,8,8.0,2.0,2.0,2.0,2.525299819799835,2.525299819799835,2.525299819799835,2.587799819799835,41.625,0.6220644671218362,2.6823897484725006,3.0
3242,8,3.0,1.0,1.0,1.0,2.2683015893197274,2.2683015893197274,2.2683015893197274,2.2683015893197274,40.75,0.5621276132487677,2.395809085172996,3.0
3243,8,2.0,2.0,2.2857142857142856,2.1375579585356257,1.257303593374646,2.2857142857142856,2.1375579585356257,2.2000579585356257,11.875,-1.4157885645624906,1.8349249471571976,3.0
3244,8,9.0,4.0,4.571428571428571,5.74252713155054,2.922732588425883,4.571428571428571,5.74252713155054,5.93002713155054,61.625,1.9920496985062575,6.886467075657466,6.0
3245,8,1.0,1.0,1.0,1.0,1.000000000000001,1.000000000000001,1.000000000000001,1.000000000000001,14.0,-1.270227633727896,0.8729772366272114,2.0
3246,8,7.0,2.0,2.0,2.2715523949578253,1.8798928674794773,2.0,2.2715523949578253,2.3340523949578253,44.0,0.7847502133487362,2.4498125176154244,3.0
3247,8,2.0,1.0,1.0,1.0,1.5045076655493157,1.5045076655493157,1.5045076655493157,1.5045076655493157,27.75,-0.3283627871511062,1.455105232514318,2.0
3248,8,13.0,3.0,4.0,3.443153522546566,2.9977135665751478,4.0,3.443153522546566,3.568153522546566,16.25,-1.1161042951971485,3.0588616789928245,4.0
3249,8,3.0,2.0,2.0,2.2715523949578253,2.033638287544316,2.033638287544316,2.2715523949578253,2.3340523949578253,28.0,-0.3112379717588009,2.2008530589427733,3.0
3250,8,19.0,4.0,4.0,7.665469823480081,3.1682808047361415,4.0,7.665469823480081,7.852969823480081,73.5,2.8054784296407576,9.816000847763632,8.0
3251,8,1.0,1.0,1.0,1.0,1.658108753101623,1.658108753101623,1.658108753101623,1.658108753101623,16.625,-1.0904170721086905,1.4773057439221366,2.0
3252,8,3.0,2.0,2.2857142857142856,2.1375579585356257,2.1283637078356965,2.2857142857142856,2.1375579585356257,2.2000579585356257,30.875,-0.11430259474729036,2.1131251164272915,3.0
3253,8,1.0,1.0,1.0,1.0,1.0000000000000009,1.0000000000000009,1.0000000000000009,1.0000000000000009,12.75,-1.3558517106894221,0.8644148289310586,2.0
3254,8,3.0,1.0,1.0,1.0,1.3009731965539841,1.3009731965539841,1.3009731965539841,1.3009731965539841,22.625,-0.6794215026933642,1.2125822801373343,2.0
3255,8,4.0,1.0,1.0,1.0,1.028771696982822,1.028771696982822,1.028771696982822,1.028771696982822,39.0,0.44225390550263083,1.0742695270689444,2.0
3256,8,11.0,3.0,3.4285714285714284,3.2063369378034388,3.3212189699091867,3.4285714285714284,3.3212189699091867,3.4462189699091867,46.625,0.9645607749679415,3.6415707242545703,4.0
3257,8,8.0,5.0,8.0,7.273821453226307,4.404170950277789,8.0,7.273821453226307,7.523821453226307,32.625,0.005571112998846509,7.277873781351242,8.0
3258,8,15.0,3.0,3.0,3.9426460859987684,2.0276529138820756,3.0,3.9426460859987684,4.067646085998769,43.5,0.7505005825641257,4.238541904437393,4.0
3259,8,13.0,4.0,5.333333333333333,5.320921844268105,5.059109024217552,5.333333333333333,5.320921844268105,5.508421844268105,63.75,2.1376106293408523,6.458327753488049,6.0
3260,8,1.0,1.0,1.0,1.0,1.0000000000000007,1.0000000000000007,1.0000000000000007,1.0000000000000007,17.875,-1.0047929951471641,0.8995207004852841,2.0
3261,8,3.0,1.0,1.0,1.0,1.4230563789413868,1.4230563789413868,1.4230563789413868,1.4230563789413868,36.875,0.29669297466803607,1.4652774619602311,2.0
3262,8,6.0,2.0,2.0,2.0,1.757267680353039,2.0,2.0,2.0625,30.375,-0.1485522255319009,1.97028955489362,2.0
3263,8,4.0,1.0,1.0,1.0,1.4194803887702527,1.4194803887702527,1.4194803887702527,1.4194803887702527,33.125,0.03982074378345704,1.4251328652569388,2.0
3264,8,26.0,4.0,4.571428571428571,5.74252713155054,3.98668020571104,4.571428571428571,5.74252713155054,5.93002713155054,60.375,1.906425621544731,6.837297217150913,6.0
3265,8,3.0,2.0,2.2857142857142856,2.1375579585356257,1.7420896675121418,2.2857142857142856,2.1375579585356257,2.2000579585356257,21.0,-0.7907328027433485,1.9685342389777032,3.0
3266,8,8.0,3.0,3.0,3.407328592436738,2.003341721649078,3.0,3.407328592436738,3.532328592436738,33.5,0.06550796687191494,3.429649309292245,4.0
3267,8,9.0,3.0,3.4285714285714284,3.676009769735622,2.36427087639133,3.4285714285714284,3.676009769735622,3.801009769735622,28.0,-0.3112379717588009,3.561598387245817,4.0
3268,8,6.0,2.0,2.0,2.0,2.901681905046817,2.901681905046817,2.901681905046817,2.964181905046817,44.625,0.8275622518294993,3.1418141461901623,3.0
3269,8,6.0,2.0,2.0,2.2715523949578253,3.689419665034016,3.689419665034016,3.689419665034016,3.751919665034016,40.5,0.5450027978564624,3.890494069025035,4.0
3270,8,2.0,1.0,1.0,1.0,1.2271597784444854,1.2271597784444854,1.2271597784444854,1.2271597784444854,28.75,-0.25986352558188514,1.1952703717965985,2.0
3271,8,32.0,5.0,10.0,6.733203485052171,5.320630593552868,10.0,6.733203485052171,6.983203485052171,60.5,1.9149880292408838,8.02260389228396,7.0
3272,8,11.0,4.0,5.333333333333333,4.590871363395421,4.481045274132445,5.333333333333333,4.590871363395421,4.778371363395421,53.75,1.4526180136486415,5.25774960747661,5.0
3273,8,14.0,3.0,3.0,3.407328592436738,2.748154039807905,3.0,3.407328592436738,3.532328592436738,39.375,0.4679411285910887,3.5667715111392915,4.0
3274,8,4.0,2.0,2.2857142857142856,2.1375579585356257,2.161779696976591,2.2857142857142856,2.161779696976591,2.224279696976591,21.75,-0.7393583565664326,2.0019467085750615,3.0
3275,8,7.0,4.0,4.571428571428571,5.74252713155054,3.7466622996882357,4.571428571428571,5.74252713155054,5.93002713155054,40.125,0.5193155747680045,6.040745509344743,6.0
3276,8,2.0,1.0,1.0,1.0,1.1550009127030494,1.1550009127030494,1.1550009127030494,1.1550009127030494,39.25,0.4593787208949361,1.2080591968940504,2.0
3277,8,6.0,2.0,2.0,2.0,3.293743770486992,3.293743770486992,3.293743770486992,3.356243770486992,55.875,1.5981789444832364,3.820142964738506,4.0
3278,8,5.0,2.0,2.0,2.0,1.6135690615866976,2.0,2.0,2.0625,35.5,0.2025064900103571,2.0405012980020714,2.0
3279,8,10.0,5.0,8.0,7.273821453226307,4.378430557089522,8.0,7.273821453226307,7.523821453226307,51.0,1.2642450443332836,8.193410725786954,8.0
3280,8,1.0,1.0,1.0,1.0,1.155560928496935,1.155560928496935,1.155560928496935,1.155560928496935,11.375,-1.450038195347101,0.9880001801598034,2.0
3281,8,5.0,3.0,3.4285714285714284,3.2063369378034388,2.319247712974912,3.4285714285714284,3.2063369378034388,3.3313369378034388,37.75,0.3566298285411045,3.3206844770408237,4.0
3282,8,11.0,3.0,3.0,3.407328592436738,4.491769943849824,4.491769943849824,4.491769943849824,4.616769943849824,43.75,0.7676253979564309,4.83656961291747,5.0
3283,8,5.0,2.0,2.2857142857142856,2.1375579585356257,2.51025874475428,2.51025874475428,2.51025874475428,2.57275874475428,33.875,0.09119518996037285,2.5331510970620355,3.0
3284,8,2.0,1.0,1.0,1.0,1.0000000000000018,1.0000000000000018,1.0000000000000018,1.0000000000000018,20.25,-0.8421072489202642,0.9157892751079753,2.0
3285,8,2.0,1.0,1.0,1.0,1.0000000000000002,1.0000000000000002,1.0000000000000002,1.0000000000000002,25.625,-0.473923717985701,0.9526076282014301,2.0
3286,8,1.0,1.0,1.0,1.0,1.2951270840346325,1.2951270840346325,1.2951270840346325,1.2951270840346325,11.375,-1.450038195347101,1.1073287100667593,2.0
3287,8,3.0,1.0,1.0,1.0,1.7051118909471832,1.7051118909471832,1.7051118909471832,1.7051118909471832,30.375,-0.1485522255319009,1.6797820743290721,2.0
3288,8,12.0,2.0,2.0,2.2715523949578253,3.230607159901301,3.230607159901301,3.230607159901301,3.293107159901301,70.625,2.6085430526292472,4.073324946174786,4.0
3289,8,1.0,1.0,1.0,1.0,1.3866012818837046,1.3866012818837046,1.3866012818837046,1.3866012818837046,28.625,-0.26842593327803776,1.3493813075662888,2.0
3290,8,8.0,2.0,2.2857142857142856,2.1375579585356257,3.1343368472926083,3.1343368472926083,3.1343368472926083,3.1968368472926083,28.375,-0.285550748670343,3.0448356239596635,4.0
3291,8,3.0,1.0,1.0,1.0,2.421290735508829,2.421290735508829,2.421290735508829,2.421290735508829,16.25,-1.1161042951971485,2.151049436526582,3.0
3292,8,2.0,1.0,1.0,1.0,2.171077449402529,2.171077449402529,2.171077449402529,2.171077449402529,35.25,0.1853816746180518,2.211325246732102,3.0
3293,8,4.0,2.0,2.0,2.0,1.492680190131273,2.0,2.0,2.0625,33.0,0.03125833608730441,2.006251667217461,2.0
3294,8,2.0,1.0,1.0,1.0,1.8909741047801698,1.8909741047801698,1.8909741047801698,1.8909741047801698,16.625,-1.0904170721086905,1.6847790601033954,2.0
3295,8,7.0,3.0,3.0,3.407328592436738,2.7995924170127346,3.0,3.407328592436738,3.532328592436738,58.875,1.8036767291908995,4.021900521525231,4.0
3296,8,2.0,1.0,1.0,1.0,1.0000000000000009,1.0000000000000009,1.0000000000000009,1.0000000000000009,6.0,-1.8182217262816645,0.8181778273718343,2.0
3297,8,3.0,2.0,2.0,2.2715523949578253,1.8664727341468534,2.0,2.2715523949578253,2.3340523949578253,13.25,-1.3216020799048116,1.9713435579789236,3.0
3298,8,17.0,6.0,12.0,11.916610568939126,6.304313468718356,12.0,11.916610568939126,12.229110568939126,50.875,1.255682636637131,13.412958666837463,12.0
3299,8,3.0,2.0,2.2857142857142856,2.1375579585356257,1.5650635941137774,2.2857142857142856,2.1375579585356257,2.2000579585356257,28.5,-0.2769883409741904,2.07835009526853,3.0
3300,8,2.0,2.0,2.0,2.0,2.1125349796114734,2.1125349796114734,2.1125349796114734,2.1750349796114734,16.0,-1.1332291105894536,1.8731363660080516,3.0
3301,8,6.0,3.0,3.4285714285714284,3.676009769735622,3.4199469961656845,3.4285714285714284,3.676009769735622,3.801009769735622,38.25,0.390879459325715,3.8196974408626527,4.0
3302,8,5.0,3.0,3.0,3.9426460859987684,3.147495871414245,3.147495871414245,3.9426460859987684,4.067646085998769,45.875,0.9131863287910257,4.302683136498321,4.0
3303,8,3.0,2.0,2.2857142857142856,2.1375579585356257,2.0130315396383818,2.2857142857142856,2.1375579585356257,2.2000579585356257,35.125,0.17681926692189917,2.1753541016587596,3.0
3304,8,4.0,1.0,1.0,1.0,2.1746038438248045,2.1746038438248045,2.1746038438248045,2.1746038438248045,46.5,0.9559983672717888,2.3824956162407513,3.0
3305,8,2.0,1.0,1.0,1.0,1.5306149887838114,1.5306149887838114,1.5306149887838114,1.5306149887838114,18.375,-0.9705433643625537,1.3820621667080122,2.0
3306,8,1.0,1.0,1.0,1.0,1.3433661291422068,1.3433661291422068,1.3433661291422068,1.3433661291422068,36.5,0.2710057515795781,1.37977212388968,2.0
3307,8,6.0,1.0,1.0,1.0,1.8863844259273028,1.8863844259273028,1.8863844259273028,1.8863844259273028,45.125,0.8618118826141099,2.048955277271537,2.0
3308,8,8.0,2.0,2.2857142857142856,2.1375579585356257,1.7784085348427663,2.2857142857142856,2.1375579585356257,2.2000579585356257,30.125,-0.16567704092420615,2.102143530798209,3.0
3309,8,6.0,1.0,1.0,1.0,3.109298390515733,3.109298390515733,3.109298390515733,3.109298390515733,34.25,0.11688241304883075,3.1456406203929657,4.0
3310,8,1.0,1.0,1.0,1.0,1.0235080241017804,1.0235080241017804,1.0235080241017804,1.0235080241017804,17.0,-1.0647298490202326,0.9145320697044919,2.0
3311,8,2.0,1.0,1.0,1.0,1.1476781396366533,1.1476781396366533,1.1476781396366533,1.1476781396366533,16.125,-1.124666702893301,1.0186026007078661,2.0
3312,8,2.0,1.0,1.0,1.0,2.4024016118779814,2.4024016118779814,2.4024016118779814,2.4024016118779814,21.125,-0.7821703950471958,2.214492870095519,3.0
3313,8,10.0,2.0,2.0,2.2715523949578253,3.431722109161372,3.431722109161372,3.431722109161372,3.494222109161372,50.75,1.2471202289409784,3.859699115405287,4.0
3314,8,8.0,2.0,2.0,2.0,3.0058288733657013,3.0058288733657013,3.0058288733657013,3.0683288733657013,37.125,0.31381779006034133,3.1001571307996207,4.0
3315,8,12.0,4.0,5.333333333333333,4.590871363395421,2.7796060638019333,5.333333333333333,4.590871363395421,4.778371363395421,28.5,-0.2769883409741904,4.46370957913814,5.0
3316,8,5.0,2.0,2.2857142857142856,2.1375579585356257,1.8792569644056174,2.2857142857142856,2.1375579585356257,2.2000579585356257,14.875,-1.2102907798548275,1.878851289673528,3.0
3317,8,5.0,2.0,2.0,2.0,1.9218323461573612,2.0,2.0,2.0625,40.0,0.5107531670718519,2.1021506334143703,2.0
3318,8,1.0,1.0,1.0,1.0,1.1452311871457745,1.1452311871457745,1.1452311871457745,1.1452311871457745,20.25,-0.8421072489202642,1.0487904387072728,2.0
3319,8,10.0,3.0,3.0,3.407328592436738,3.3953820705828828,3.3953820705828828,3.407328592436738,3.532328592436738,52.125,1.3413067135986574,3.864355864083944,4.0
3320,8,2.0,1.0,1.0,1.0,1.7111138101742709,1.7111138101742709,1.7111138101742709,1.7111138101742709,30.625,-0.13142741013959564,1.688625084521741,2.0
3321,8,2.0,1.0,1.0,1.0,1.7145096760886955,1.7145096760886955,1.7145096760886955,1.7145096760886955,18.5,-0.961980956666401,1.549577110246935,2.0
3322,8,1.0,1.0,1.0,1.0,1.3887099046140992,1.3887099046140992,1.3887099046140992,1.3887099046140992,18.375,-0.9705433643625537,1.2539295863193223,2.0
3323,8,1.0,1.0,1.0,1.0,1.1454497623825637,1.1454497623825637,1.1454497623825637,1.1454497623825637,16.375,-1.107541887500996,1.0185864031958884,2.0
3324,8,6.0,2.0,2.0,2.2715523949578253,1.618702402729197,2.0,2.2715523949578253,2.3340523949578253,30.625,-0.13142741013959564,2.241697970131255,3.0
3325,8,1.0,1.0,1.0,1.0,1.5540949638312045,1.5540949638312045,1.5540949638312045,1.5540949638312045,16.125,-1.124666702893301,1.379311077935692,2.0
3326,8,2.0,1.0,1.0,1.0,1.161003215314444,1.161003215314444,1.161003215314444,1.161003215314444,22.125,-0.7136711334779747,1.0781457672499408,2.0
3327,8,9.0,3.0,3.0,3.407328592436738,2.555416194401965,3.0,3.407328592436738,3.532328592436738,42.75,0.6991261363872098,3.6455438398599345,4.0
3328,8,4.0,1.0,1.0,1.0,1.764423500519929,1.764423500519929,1.764423500519929,1.764423500519929,27.625,-0.3369251948472588,1.704975627349353,2.0
3329,8,12.0,4.0,5.333333333333333,5.320921844268105,3.349093708618497,5.333333333333333,5.320921844268105,5.508421844268105,40.25,0.5278779824641572,5.601801593068276,6.0
3330,8,2.0,1.0,1.0,1.0,1.6139285070689704,1.6139285070689704,1.6139285070689704,1.6139285070689704,25.0,-0.5167357564664641,1.5305310502706628,2.0
3331,8,15.0,4.0,5.333333333333333,5.320921844268105,3.079758509818562,5.333333333333333,5.320921844268105,5.508421844268105,38.5,0.40800427471802025,5.538017730058294,6.0
3332,8,6.0,2.0,2.0,2.0,2.4309862512606966,2.4309862512606966,2.4309862512606966,2.4934862512606966,39.75,0.4936283516795466,2.5509866248772424,3.0
3333,8,6.0,2.0,2.2857142857142856,2.1375579585356257,2.449050003021586,2.449050003021586,2.449050003021586,2.511550003021586,30.75,-0.12286500244344299,2.4189597495610498,3.0
3334,8,27.0,5.0,8.0,7.273821453226307,5.399057628433671,8.0,7.273821453226307,7.523821453226307,61.875,2.0091745138985626,8.735259121473396,8.0
3335,8,3.0,1.0,1.0,1.0,1.7883485232944372,1.7883485232944372,1.7883485232944372,1.7883485232944372,39.0,0.44225390550263083,1.8674389351771201,2.0
3336,8,2.0,2.0,2.2857142857142856,2.1375579585356257,1.166984694418895,2.2857142857142856,2.1375579585356257,2.2000579585356257,14.25,-1.2531028183355906,1.8696999683159592,3.0
3337,8,6.0,2.0,2.2857142857142856,2.1375579585356257,2.3531293364853036,2.3531293364853036,2.3531293364853036,2.4156293364853036,50.625,1.2385578212448258,2.6445780108957555,3.0
3338,8,1.0,1.0,1.0,1.0,1.282225366590037,1.282225366590037,1.282225366590037,1.282225366590037,24.625,-0.542422979554922,1.21267451620937,2.0
3339,8,2.0,1.0,1.0,1.0,1.954360484849251,1.954360484849251,1.954360484849251,1.954360484849251,37.875,0.3651922362372571,2.025732212436834,2.0
3340,8,11.0,5.0,6.666666666666667,9.753057789243005,5.105306213427705,6.666666666666667,9.753057789243005,10.003057789243005,51.75,1.3156194905101994,11.036189081203048,10.0
3341,8,5.0,4.0,6.4,4.95698923699541,3.297437220303148,6.4,4.95698923699541,5.14448923699541,33.125,0.03982074378345704,4.976728336829785,5.0
3342,8,13.0,2.0,2.0,2.0,2.906447681485082,2.906447681485082,2.906447681485082,2.968947681485082,59.25,1.8293639522793574,3.4381427432545544,3.0
3343,8,8.0,3.0,3.0,3.407328592436738,2.3955886721728277,3.0,3.407328592436738,3.532328592436738,29.625,-0.1999266717088167,3.3392070059463217,4.0
3344,8,6.0,2.0,2.2857142857142856,2.1375579585356257,4.069879578704024,4.069879578704024,4.069879578704024,4.132379578704024,29.875,-0.1828018563165114,3.995481424506848,5.0
3345,8,7.0,2.0,2.2857142857142856,2.1375579585356257,3.087132868454087,3.087132868454087,3.087132868454087,3.149632868454087,32.625,0.005571112998846509,3.0888527450593477,4.0
3346,8,12.0,3.0,3.4285714285714284,3.2063369378034388,2.5649674869817467,3.4285714285714284,3.2063369378034388,3.3313369378034388,47.5,1.02449762884101,3.5348253968079355,4.0
3347,8,11.0,3.0,3.0,3.9426460859987684,2.998660647015049,3.0,3.9426460859987684,4.067646085998769,51.75,1.3156194905101994,4.461348289491142,4.0
3348,8,1.0,1.0,1.0,1.0,1.4867775434718853,1.4867775434718853,1.4867775434718853,1.4867775434718853,19.75,-0.8763568797048747,1.3564827705906553,2.0
3349,8,5.0,1.0,1.0,1.0,1.7278068269494036,1.7278068269494036,1.7278068269494036,1.7278068269494036,32.875,0.022695928391151775,1.7317282449512224,2.0
3350,8,10.0,4.0,5.333333333333333,5.320921844268105,4.32055955455327,5.333333333333333,5.320921844268105,5.508421844268105,65.125,2.2317971139985313,6.508443645853037,6.0
3351,8,5.0,1.0,1.0,1.0,1.687161044397203,1.687161044397203,1.687161044397203,1.687161044397203,24.5,-0.5509853872510747,1.5942009362569909,2.0
3352,8,3.0,1.0,1.0,1.0,1.8023615676231026,1.8023615676231026,1.8023615676231026,1.8023615676231026,34.75,0.15113204383344128,1.8296010263672753,2.0
3353,8,5.0,1.0,1.0,1.0,2.0420014044630417,2.0420014044630417,2.0420014044630417,2.0420014044630417,43.0,0.716250951779515,2.188259949411218,3.0
3354,8,2.0,1.0,1.0,1.0,1.5333998937941884,1.5333998937941884,1.5333998937941884,1.5333998937941884,11.25,-1.458600603043254,1.309738092814722,2.0
3355,8,2.0,1.0,1.0,1.0,1.25338374133044,1.25338374133044,1.25338374133044,1.25338374133044,11.75,-1.4243509722586434,1.0748579062727213,2.0
3356,8,2.0,1.0,1.0,1.0,1.9009112204049972,1.9009112204049972,1.9009112204049972,1.9009112204049972,27.25,-0.36261241793571675,1.831981819013778,2.0
3357,8,2.0,2.0,2.0,2.2715523949578253,1.128077838629569,2.0,2.2715523949578253,2.3340523949578253,18.375,-0.9705433643625537,2.051088384585007,3.0
3358,8,10.0,4.0,4.571428571428571,5.74252713155054,3.8575659651922964,4.571428571428571,5.74252713155054,5.93002713155054,61.75,2.0006121062024103,6.891384061508122,6.0
3359,8,9.0,2.0,2.0,2.0,2.1932103415452313,2.1932103415452313,2.1932103415452313,2.2557103415452313,58.875,1.8036767291908995,2.588794587071827,3.0
3360,8,1.0,1.0,1.0,1.0,1.0002893241318191,1.0002893241318191,1.0002893241318191,1.0002893241318191,34.625,0.14256963613728865,1.014550412629168,2.0
3361,8,7.0,3.0,3.4285714285714284,3.676009769735622,1.7467047884000249,3.4285714285714284,3.676009769735622,3.801009769735622,13.875,-1.2787900414240485,3.2059253011640796,4.0
3362,8,4.0,2.0,2.0,2.2715523949578253,2.0782786409503133,2.0782786409503133,2.2715523949578253,2.3340523949578253,39.625,0.485065943983394,2.381737665634621,3.0
3363,8,10.0,5.0,8.0,7.273821453226307,4.227559019346008,8.0,7.273821453226307,7.523821453226307,50.25,1.2128705981563679,8.156041870912029,8.0
3364,8,5.0,2.0,2.0,2.0,2.2020615258179195,2.2020615258179195,2.2020615258179195,2.2645615258179195,44.0,0.7847502133487362,2.3748683510371853,3.0
3365,8,1.0,1.0,1.0,1.0,1.0,1.0,1.0,1.0,32.0,-0.03724092548191666,0.9962759074518084,1.0
3366,8,6.0,1.0,1.0,1.0,2.4201578947499987,2.4201578947499987,2.4201578947499987,2.4201578947499987,21.375,-0.7650455796548905,2.2350047848054615,3.0
3367,8,10.0,4.0,6.4,4.95698923699541,4.559318711367774,6.4,4.95698923699541,5.14448923699541,36.625,0.27956815927573075,5.095570872649052,5.0
3368,8,2.0,1.0,1.0,1.0,1.4361030731354136,1.4361030731354136,1.4361030731354136,1.4361030731354136,21.875,-0.73079594887028,1.3311532423346617,2.0
3369,8,2.0,1.0,1.0,1.0,1.3119340659031735,1.3119340659031735,1.3119340659031735,1.3119340659031735,12.375,-1.38153893377788,1.1306852668436986,2.0
3370,8,4.0,2.0,2.0,2.0,3.1133444137902373,3.1133444137902373,3.1133444137902373,3.1758444137902373,64.875,2.2146722986062257,3.8028481767144053,4.0
3371,8,1.0,1.0,1.0,1.0,1.0608274893274856,1.0608274893274856,1.0608274893274856,1.0608274893274856,35.125,0.17681926692189917,1.0795849632268342,2.0
3372,8,5.0,1.0,1.0,1.0,2.1656179477662145,2.1656179477662145,2.1656179477662145,2.1656179477662145,31.25,-0.08861537165883246,2.1464272438349803,3.0
3373,8,5.0,1.0,1.0,1.0,1.4572817621067042,1.4572817621067042,1.4572817621067042,1.4572817621067042,27.875,-0.31980037945495354,1.4106778360572536,2.0
3374,8,1.0,1.0,1.0,1.0,1.3863423844741067,1.3863423844741067,1.3863423844741067,1.3863423844741067,21.5,-0.7564831719587378,1.2814679160313256,2.0
3375,8,7.0,2.0,2.2857142857142856,2.1375579585356257,1.8110207868291999,2.2857142857142856,2.1375579585356257,2.2000579585356257,38.875,0.4336914978064782,2.230262029804173,3.0
3376,8,5.0,1.0,1.0,1.0,1.2508391971176045,1.2508391971176045,1.2508391971176045,1.2508391971176045,27.0,-0.379737233328022,1.203340175512436,2.0
3377,8,4.0,2.0,2.0,2.0,1.7799451250173495,2.0,2.0,2.0625,25.0,-0.5167357564664641,1.8966528487067071,2.0
3378,8,31.0,6.0,16.0,8.84648183982432,6.146440133063901,16.0,8.84648183982432,9.15898183982432,63.75,2.1376106293408523,10.737515201132249,9.0
3379,8,1.0,1.0,1.0,1.0,1.155698478943609,1.155698478943609,1.155698478943609,1.155698478943609,19.0,-0.9277313258817905,1.0484807107246168,2.0
3380,8,2.0,2.0,2.2857142857142856,2.1375579585356257,1.9759858959086594,2.2857142857142856,2.1375579585356257,2.2000579585356257,32.25,-0.02011611008961139,2.133258023413943,3.0
3381,8,3.0,1.0,1.0,1.0,1.566481406404534,1.566481406404534,1.566481406404534,1.566481406404534,45.75,0.904623921094873,1.7081890616229223,2.0
3382,8,3.0,1.0,1.0,1.0,1.6945052117827066,1.6945052117827066,1.6945052117827066,1.6945052117827066,30.625,-0.13142741013959564,1.672234768637442,2.0
3383,8,2.0,1.0,1.0,1.0,1.4961485299825363,1.4961485299825363,1.4961485299825363,1.4961485299825363,26.375,-0.42254927180878515,1.4329288827963458,2.0
3384,8,2.0,1.0,1.0,1.0,1.8419117293849512,1.8419117293849512,1.8419117293849512,1.8419117293849512,34.75,0.15113204383344128,1.8697489178072249,2.0
3385,8,2.0,1.0,1.0,1.0,1.5424497036849756,1.5424497036849756,1.5424497036849756,1.5424497036849756,29.25,-0.2256138947972746,1.5076498951672488,2.0
3386,8,5.0,2.0,2.0,2.0,2.6006957930159738,2.6006957930159738,2.6006957930159738,2.6631957930159738,31.875,-0.04580333317806929,2.5887837394257422,3.0
3387,8,2.0,2.0,2.0,2.0,1.6017323861431967,2.0,2.0,2.0625,12.75,-1.3558517106894221,1.7288296578621156,2.0
3388,8,9.0,4.0,5.333333333333333,4.590871363395421,3.3507954640325646,5.333333333333333,4.590871363395421,4.778371363395421,41.125,0.5878148363372255,4.860729593307375,5.0
3389,8,11.0,4.0,4.571428571428571,5.74252713155054,5.203325035877363,5.203325035877363,5.74252713155054,5.93002713155054,54.5,1.5039924598255574,6.60619888217011,6.0
3390,8,3.0,2.0,2.0,2.2715523949578253,1.621282620821559,2.0,2.2715523949578253,2.3340523949578253,24.375,-0.5595477949472273,2.144448181587251,3.0
3391,8,2.0,1.0,1.0,1.0,1.0001894286219333,1.0001894286219333,1.0001894286219333,1.0001894286219333,19.0,-0.9277313258817905,0.9073987221470956,2.0
3392,8,2.0,1.0,1.0,1.0,1.3011828285355875,1.3011828285355875,1.3011828285355875,1.3011828285355875,18.625,-0.9534185489702485,1.1771256441028473,2.0
3393,8,13.0,3.0,3.4285714285714284,3.2063369378034388,3.1478388194246008,3.4285714285714284,3.2063369378034388,3.3313369378034388,53.5,1.4354931982563364,3.6666044243569273,4.0
3394,8,2.0,1.0,1.0,1.0,1.3753261508664159,1.3753261508664159,1.3753261508664159,1.3753261508664159,17.75,-1.013355402843317,1.2359567323011973,2.0
3395,8,11.0,5.0,6.666666666666667,9.753057789243005,3.416640826804208,6.666666666666667,9.753057789243005,10.003057789243005,40.25,0.5278779824641572,10.267900236107199,10.0
3396,8,4.0,2.0,2.2857142857142856,2.1375579585356257,1.5294851342910936,2.2857142857142856,2.1375579585356257,2.2000579585356257,19.5,-0.89348169509718,1.9465710677195378,3.0
3397,8,3.0,3.0,3.4285714285714284,3.2063369378034388,2.8323822188190904,3.4285714285714284,3.2063369378034388,3.3313369378034388,29.75,-0.19136426401266407,3.144979106975501,4.0
3398,8,11.0,4.0,4.571428571428571,5.74252713155054,3.0626095986151363,4.571428571428571,5.74252713155054,5.93002713155054,38.75,0.42512909011032557,5.986658664987534,6.0
3399,8,1.0,1.0,1.0,1.0,1.8410954510004918,1.8410954510004918,1.8410954510004918,1.8410954510004918,59.0,1.812239136887052,2.1747459741052726,2.0
3400,8,13.0,3.0,3.0,3.407328592436738,5.055669149103938,5.055669149103938,5.055669149103938,5.180669149103938,39.25,0.4593787208949361,5.287915831802274,6.0
3401,8,6.0,4.0,5.333333333333333,5.320921844268105,3.5673822578351824,5.333333333333333,5.320921844268105,5.508421844268105,33.375,0.05694555917576231,5.351222131243343,6.0
3402,8,4.0,2.0,2.0,2.2715523949578253,1.5527223450455485,2.0,2.2715523949578253,2.3340523949578253,19.875,-0.8677944720087221,2.074428333835568,3.0
3403,8,13.0,3.0,3.4285714285714284,3.676009769735622,4.060694656394496,4.060694656394496,4.060694656394496,4.185694656394496,68.125,2.4372948987061944,5.0504056935178765,5.0
3404,8,13.0,5.0,8.0,7.273821453226307,3.8695815023679843,8.0,7.273821453226307,7.523821453226307,51.0,1.2642450443332836,8.193410725786954,8.0
3405,8,14.0,2.0,2.0,2.0,4.4552466705399345,4.4552466705399345,4.4552466705399345,4.5177466705399345,50.75,1.2471202289409784,5.0108694953151645,5.0
3406,8,8.0,3.0,3.0,3.9426460859987684,2.9940031758057133,3.0,3.9426460859987684,4.067646085998769,27.875,-0.31980037945495354,3.8165601145628694,4.0
3407,8,8.0,4.0,4.571428571428571,5.74252713155054,7.100559336998293,7.100559336998293,7.100559336998293,7.288059336998293,64.25,2.1718602601254626,8.642701601867232,8.0
3408,8,7.0,2.0,2.2857142857142856,2.1375579585356257,1.9064237223969078,2.2857142857142856,2.1375579585356257,2.2000579585356257,31.125,-0.09717777935498509,2.116785644970319,3.0
3409,8,5.0,2.0,2.0,2.2715523949578253,2.019647142443703,2.019647142443703,2.2715523949578253,2.3340523949578253,31.75,-0.05436574087422193,2.2592029320691758,3.0
3410,8,4.0,2.0,2.0,2.0,1.7386866105369738,2.0,2.0,2.0625,21.25,-0.7736079873510431,1.8452784025297913,2.0
3411,8,8.0,2.0,2.0,2.0,2.2799634561949764,2.2799634561949764,2.2799634561949764,2.3424634561949764,65.375,2.2489219293908365,2.7927094376796373,3.0
3412,8,2.0,1.0,1.0,1.0,1.3118593486478232,1.3118593486478232,1.3118593486478232,1.3118593486478232,28.375,-0.285550748670343,1.2743991067321656,2.0
3413,8,4.0,2.0,2.2857142857142856,2.1375579585356257,2.267490690748779,2.2857142857142856,2.267490690748779,2.329990690748779,30.5,-0.13998981783574826,2.2357481298745614,3.0
3414,8,4.0,1.0,1.0,1.0,1.1850213068802828,1.1850213068802828,1.1850213068802828,1.1850213068802828,24.875,-0.5252981641626168,1.1227723551805031,2.0
3415,8,6.0,1.0,1.0,1.0,1.3472773713428146,1.3472773713428146,1.3472773713428146,1.3472773713428146,39.5,0.47650353628724135,1.4114756145232774,2.0
3416,8,6.0,3.0,3.4285714285714284,3.2063369378034388,3.1929919993027847,3.4285714285714284,3.2063369378034388,3.3313369378034388,34.125,0.1083200053526781,3.2410679812299743,4.0
3417,8,4.0,2.0,2.0,2.0,2.231361290020927,2.231361290020927,2.231361290020927,2.293861290020927,30.375,-0.1485522255319009,2.1982139214610927,3.0
3418,8,1.0,1.0,1.0,1.0,1.0000000000000018,1.0000000000000018,1.0000000000000018,1.0000000000000018,15.75,-1.150353925981759,0.8849646074018256,2.0
3419,8,5.0,2.0,2.0,2.2715523949578253,1.7239780886125375,2.0,2.2715523949578253,2.3340523949578253,15.5,-1.1674787413740644,2.0063534818547653,3.0
3420,8,5.0,2.0,2.0,2.2715523949578253,3.128285235281877,3.128285235281877,3.128285235281877,3.190785235281877,40.375,0.5364403901603098,3.2960990904966114,4.0
3421,8,10.0,3.0,3.4285714285714284,3.676009769735622,3.896030000832633,3.896030000832633,3.896030000832633,4.021030000832633,48.25,1.0758720750179256,4.315192988965422,4.0
3422,8,5.0,2.0,2.0,2.0,3.664360113277279,3.664360113277279,3.664360113277279,3.726860113277279,50.75,1.2471202289409784,4.121349875616534,4.0
3423,8,5.0,2.0,2.2857142857142856,2.1375579585356257,1.6917463092016451,2.2857142857142856,2.1375579585356257,2.2000579585356257,23.5,-0.6194846488202957,2.0051395244079786,3.0
3424,8,5.0,3.0,3.4285714285714284,3.2063369378034388,3.645550891196636,3.645550891196636,3.645550891196636,3.770550891196636,40.25,0.5278779824641572,3.8379914961381654,4.0
3425,8,4.0,4.0,4.571428571428571,5.74252713155054,2.0653781763374264,4.571428571428571,5.74252713155054,5.93002713155054,25.625,-0.473923717985701,5.470375150668721,6.0
3426,8,4.0,2.0,2.0,2.0,1.8697184446840414,2.0,2.0,2.0625,25.375,-0.49104853337800625,1.9017902933243986,2.0
3427,8,18.0,4.0,6.4,4.95698923699541,4.998492498594629,6.4,4.998492498594629,5.185992498594629,49.125,1.135808928890994,5.566225739684472,5.0
3428,8,5.0,2.0,2.0,2.0,1.6078217330006725,2.0,2.0,2.0625,32.75,0.014133520694999142,2.0028267041389998,2.0
3429,8,8.0,2.0,2.0,2.2715523949578253,2.2375445571042794,2.2375445571042794,2.2715523949578253,2.3340523949578253,44.375,0.810437436437194,2.455647504928064,3.0
3430,8,14.0,4.0,4.0,7.665469823480081,5.75407303912371,5.75407303912371,7.665469823480081,7.852969823480081,43.125,0.7248133594756677,8.221073316951676,8.0
3431,8,4.0,3.0,3.4285714285714284,3.2063369378034388,3.1680361236805474,3.4285714285714284,3.2063369378034388,3.3313369378034388,43.0,0.716250951779515,3.4359911261461917,4.0
3432,8,7.0,3.0,3.0,3.407328592436738,3.152087349107934,3.152087349107934,3.407328592436738,3.532328592436738,54.875,1.5296796829140153,3.928540724522987,4.0
3433,8,5.0,2.0,2.0,2.2715523949578253,1.8158818158142271,2.0,2.2715523949578253,2.3340523949578253,34.375,0.12544482074498337,2.3000478432576577,3.0
3434,8,5.0,2.0,2.0,2.0,1.5739272082597746,2.0,2.0,2.0625,32.125,-0.028678517785764024,1.9942642964428472,2.0
3435,8,9.0,1.0,1.0,1.0,1.155122709032836,1.155122709032836,1.155122709032836,1.155122709032836,23.875,-0.5937974257318378,1.0865318199300276,2.0
3436,8,4.0,2.0,2.0,2.0,2.247615602698611,2.247615602698611,2.247615602698611,2.310115602698611,30.625,-0.13142741013959564,2.2180757729334086,3.0
3437,8,19.0,4.0,5.333333333333333,5.320921844268105,3.6258249200215475,5.333333333333333,5.320921844268105,5.508421844268105,43.125,0.7248133594756677,5.7065893680132485,6.0
3438,8,2.0,1.0,1.0,1.0,1.3901649983828372,1.3901649983828372,1.3901649983828372,1.3901649983828372,27.5,-0.3454876025434115,1.342136521139732,2.0
3439,8,8.0,2.0,2.0,2.2715523949578253,4.3975848548710905,4.3975848548710905,4.3975848548710905,4.4600848548710905,63.875,2.1461730370370047,5.341382659231753,5.0
3440,8,9.0,4.0,4.571428571428571,5.74252713155054,4.181217695755183,4.571428571428571,5.74252713155054,5.93002713155054,48.625,1.1015592981063835,6.375100547189307,6.0
3441,8,2.0,1.0,1.0,1.0,1.0021563047046076,1.0021563047046076,1.0021563047046076,1.0021563047046076,25.75,-0.4653613102895483,0.9555198275973809,2.0
3442,8,7.0,2.0,2.0,2.2715523949578253,1.5678246155997042,2.0,2.2715523949578253,2.3340523949578253,36.875,0.29669297466803607,2.338947758675259,3.0
3443,8,2.0,1.0,1.0,1.0,1.0000000000000013,1.0000000000000013,1.0000000000000013,1.0000000000000013,22.25,-0.705108725781822,0.929489127421819,2.0
3444,8,2.0,1.0,1.0,1.0,1.000000000000002,1.000000000000002,1.000000000000002,1.000000000000002,24.125,-0.5766726103395325,0.9423327389660486,2.0
3445,8,25.0,5.0,6.666666666666667,9.753057789243005,5.682282123597056,6.666666666666667,9.753057789243005,10.003057789243005,67.875,2.4201700833138893,12.113463657478748,10.0
3446,8,25.0,5.0,8.0,7.273821453226307,3.451226927362998,8.0,7.273821453226307,7.523821453226307,58.0,1.743739875317831,8.542186704619608,8.0
3447,8,3.0,1.0,1.0,1.0,1.0002759717469805,1.0002759717469805,1.0002759717469805,1.0002759717469805,22.875,-0.662296687301059,0.9340280254994932,2.0
3448,8,2.0,1.0,1.0,1.0,1.1541952933697277,1.1541952933697277,1.1541952933697277,1.1541952933697277,15.75,-1.150353925981759,1.021421984661974,2.0
3449,8,4.0,2.0,2.2857142857142856,2.1375579585356257,2.8335801830799516,2.8335801830799516,2.8335801830799516,2.8960801830799516,22.875,-0.662296687301059,2.6459131062343735,3.0
3450,8,15.0,3.0,3.4285714285714284,3.2063369378034388,3.479152322699907,3.479152322699907,3.479152322699907,3.604152322699907,43.875,0.7761878056525835,3.74919988338866,4.0
3451,8,3.0,2.0,2.2857142857142856,2.1375579585356257,1.9875595876315122,2.2857142857142856,2.1375579585356257,2.2000579585356257,18.625,-0.9534185489702485,1.9337592178189413,3.0
3452,8,2.0,1.0,1.0,1.0,1.1574260074288079,1.1574260074288079,1.1574260074288079,1.1574260074288079,10.25,-1.527099864612475,0.9806754975044588,2.0
3453,8,1.0,1.0,1.0,1.0,1.0000000000000009,1.0000000000000009,1.0000000000000009,1.0000000000000009,25.5,-0.4824861256818536,0.9517513874318155,2.0
3454,8,4.0,2.0,2.0,2.2715523949578253,1.8070746102969137,2.0,2.2715523949578253,2.3340523949578253,23.625,-0.6109222411241431,2.1327782069619703,3.0
3455,8,2.0,2.0,2.0,2.2715523949578253,1.8439152413643185,2.0,2.2715523949578253,2.3340523949578253,20.0,-0.8592320643125695,2.076373329606448,3.0
3456,8,18.0,4.0,4.571428571428571,5.74252713155054,4.675708186355567,4.675708186355567,5.74252713155054,5.93002713155054,58.25,1.7608646907101364,6.753708457689772,6.0
3457,8,13.0,6.0,16.0,8.84648183982432,4.999486236185957,16.0,8.84648183982432,9.15898183982432,36.25,0.25388093618727287,9.071077148970149,9.0
3458,8,6.0,3.0,3.0,3.407328592436738,2.6951828517197427,3.0,3.407328592436738,3.532328592436738,37.375,0.3309426054526466,3.5200916126381694,4.0
3459,8,3.0,1.0,1.0,1.0,1.9024494712416051,1.9024494712416051,1.9024494712416051,1.9024494712416051,23.875,-0.5937974257318378,1.789482511380789,2.0
3460,8,4.0,2.0,2.0,2.2715523949578253,1.567457810012815,2.0,2.2715523949578253,2.3340523949578253,25.125,-0.5081733487703115,2.1561181562125316,3.0
3461,8,5.0,2.0,2.0,2.2715523949578253,4.625065133061535,4.625065133061535,4.625065133061535,4.687565133061535,27.125,-0.3711748256318694,4.45339435863152,5.0
3462,8,1.0,1.0,1.0,1.0,1.183416956534498,1.183416956534498,1.183416956534498,1.183416956534498,44.0,0.7847502133487362,1.2762856274465941,2.0
3463,8,1.0,1.0,1.0,1.0,1.0021272732689426,1.0021272732689426,1.0021272732689426,1.0021272732689426,36.375,0.2624433438834255,1.0284274365282906,2.0
3464,8,3.0,2.0,2.2857142857142856,2.1375579585356257,2.580873585134295,2.580873585134295,2.580873585134295,2.643373585134295,16.375,-1.107541887500996,2.2950310249461854,3.0
3465,8,28.0,5.0,8.0,7.273821453226307,5.1437528616036765,8.0,7.273821453226307,7.523821453226307,62.5,2.0519865523793257,8.766399833869169,8.0
3466,8,2.0,1.0,1.0,1.0,1.1475366658285076,1.1475366658285076,1.1475366658285076,1.1475366658285076,16.375,-1.107541887500996,1.020442173343677,2.0
3467,8,3.0,2.0,2.2857142857142856,2.1375579585356257,1.9973637352294191,2.2857142857142856,2.1375579585356257,2.2000579585356257,14.875,-1.2102907798548275,1.878851289673528,3.0
3468,8,4.0,1.0,1.0,1.0,1.3173053598446895,1.3173053598446895,1.3173053598446895,1.3173053598446895,46.625,0.9645607749679415,1.4443674677208114,2.0
3469,8,7.0,1.0,1.0,1.0,2.647391368100322,2.647391368100322,2.647391368100322,2.647391368100322,38.875,0.4336914978064782,2.762206480871459,3.0
3470,8,14.0,3.0,3.0,3.407328592436738,3.5847888681146407,3.5847888681146407,3.5847888681146407,3.7097888681146407,59.25,1.8293639522793574,4.240577221300765,4.0
3471,8,5.0,3.0,3.4285714285714284,3.2063369378034388,3.5773044222185715,3.5773044222185715,3.5773044222185715,3.7023044222185715,48.75,1.1101217058025363,3.974428750955395,4.0
3472,8,4.0,1.0,1.0,1.0,3.7220619481402375,3.7220619481402375,3.7220619481402375,3.7220619481402375,51.125,1.2728074520294363,4.195808766591047,4.0
3473,8,16.0,4.0,4.571428571428571,5.74252713155054,4.295006677779501,4.571428571428571,5.74252713155054,5.93002713155054,64.625,2.1975474832139206,7.0044747360731945,6.0
3474,8,3.0,2.0,2.0,2.2715523949578253,1.8255736006697836,2.0,2.2715523949578253,2.3340523949578253,42.0,0.647751690210294,2.4186925852813426,3.0
3475,8,1.0,1.0,1.0,1.0,1.1528982595061987,1.1528982595061987,1.1528982595061987,1.1528982595061987,21.625,-0.7479207642625852,1.0666706047695107,2.0
3476,8,3.0,1.0,1.0,1.0,1.3415866360805846,1.3415866360805846,1.3415866360805846,1.3415866360805846,27.625,-0.3369251948472588,1.2963852022039917,2.0
3477,8,1.0,1.0,1.0,1.0,1.0000000000000013,1.0000000000000013,1.0000000000000013,1.0000000000000013,11.0,-1.475725418435559,0.8524274581564452,2.0
3478,8,8.0,4.0,4.571428571428571,5.74252713155054,3.011032615113462,4.571428571428571,5.74252713155054,5.93002713155054,25.75,-0.4653613102895483,5.475292136519376,6.0
3479,8,9.0,3.0,3.4285714285714284,3.2063369378034388,4.391852340298401,4.391852340298401,4.391852340298401,4.516852340298401,46.625,0.9645607749679415,4.8154731899887,5.0
3480,8,7.0,4.0,5.333333333333333,4.590871363395421,3.9743504157807585,5.333333333333333,4.590871363395421,4.778371363395421,50.5,1.229995413548673,5.155546435512252,5.0
3481,8,5.0,2.0,2.0,2.0,2.620178317847569,2.620178317847569,2.620178317847569,2.682678317847569,53.625,1.444055605952489,2.998546636695863,3.0
3482,8,11.0,2.0,2.0,2.0,2.816432496913455,2.816432496913455,2.816432496913455,2.878932496913455,41.875,0.6391892825141414,2.9964558436086173,3.0
3483,8,5.0,2.0,2.0,2.0,1.9705379699916663,2.0,2.0,2.0625,40.5,0.5450027978564624,2.1090005595712924,2.0
3484,8,8.0,2.0,2.0,2.0,1.499767673336235,2.0,2.0,2.0625,29.625,-0.1999266717088167,1.9600146656582367,2.0
3485,8,4.0,2.0,2.2857142857142856,2.1375579585356257,2.3948019581412643,2.3948019581412643,2.3948019581412643,2.4573019581412643,49.625,1.1700585596756046,2.6750078111263726,3.0
3486,8,9.0,4.0,4.571428571428571,5.74252713155054,3.183977450278066,4.571428571428571,5.74252713155054,5.93002713155054,44.125,0.7933126210448888,6.198089056565714,6.0
3487,8,4.0,2.0,2.2857142857142856,2.1375579585356257,2.9365809957539755,2.9365809957539755,2.9365809957539755,2.9990809957539755,40.5,0.5450027978564624,3.0966254816357788,3.0
3488,8,2.0,1.0,1.0,1.0,1.4525751023463482,1.4525751023463482,1.4525751023463482,1.4525751023463482,37.625,0.34806742084495185,1.5031345092920767,2.0
3489,8,7.0,4.0,4.571428571428571,5.74252713155054,4.127841173024159,4.571428571428571,5.74252713155054,5.93002713155054,63.0,2.0862361831639364,6.940553920014675,6.0
3490,8,1.0,1.0,1.0,1.0,1.4741097132846972,1.4741097132846972,1.4741097132846972,1.4741097132846972,30.5,-0.13998981783574826,1.453473678261434,2.0
3491,8,14.0,4.0,4.571428571428571,5.74252713155054,4.258424716830333,4.571428571428571,5.74252713155054,5.93002713155054,42.375,0.6734389132987519,6.129251254656539,6.0
3492,8,10.0,5.0,8.0,7.273821453226307,5.39547753685279,8.0,7.273821453226307,7.523821453226307,41.0,0.579252428641073,7.695159327454594,8.0
3493,8,4.0,1.0,1.0,1.0,2.1127490735316687,2.1127490735316687,2.1127490735316687,2.1127490735316687,37.75,0.3566298285411045,2.1880960075160663,3.0
3494,8,7.0,2.0,2.2857142857142856,2.1375579585356257,2.804890480306993,2.804890480306993,2.804890480306993,2.867390480306993,24.75,-0.5338605718587695,2.6551484367252023,3.0
3495,8,4.0,3.0,3.0,3.407328592436738,3.027539345744723,3.027539345744723,3.407328592436738,3.532328592436738,18.125,-0.987668179754859,3.07079758956487,4.0
3496,8,1.0,1.0,1.0,1.0,1.1552910128942129,1.1552910128942129,1.1552910128942129,1.1552910128942129,9.25,-1.595599126181696,0.9709528798282556,2.0
3497,8,1.0,1.0,1.0,1.0,1.1732291507472965,1.1732291507472965,1.1732291507472965,1.1732291507472965,18.75,-0.9448561412740958,1.062375873926759,2.0
3498,8,5.0,2.0,2.0,2.2715523949578253,1.5581926163400972,2.0,2.2715523949578253,2.3340523949578253,36.875,0.29669297466803607,2.338947758675259,3.0
3499,8,4.0,1.0,1.0,1.0,1.300122162129663,1.300122162129663,1.300122162129663,1.300122162129663,13.25,-1.3216020799048116,1.1282977467695727,2.0
3500,8,6.0,2.0,2.0,2.2715523949578253,2.4617541884356835,2.4617541884356835,2.4617541884356835,2.5242541884356835,33.625,0.07407037456806757,2.4799884939188774,3.0
3501,8,18.0,4.0,6.4,4.95698923699541,4.078106040122668,6.4,4.95698923699541,5.14448923699541,63.125,2.0947985908600892,5.995378643852072,5.0
3502,8,38.0,5.0,10.0,6.733203485052171,3.9147188927149994,10.0,6.733203485052171,6.983203485052171,34.375,0.12544482074498337,6.817668035474359,7.0
3503,8,4.0,3.0,3.0,3.9426460859987684,2.2329526147075676,3.0,3.9426460859987684,4.067646085998769,28.625,-0.26842593327803776,3.836815240476846,4.0
3504,8,6.0,2.0,2.0,2.0,2.348026511222679,2.348026511222679,2.348026511222679,2.410526511222679,45.5,0.8874991057025677,2.5564136541102833,3.0
3505,8,2.0,1.0,1.0,1.0,1.0,1.0,1.0,1.0,9.0,-1.6127239415740011,0.8387276058425999,1.0
3506,8,7.0,4.0,5.333333333333333,5.320921844268105,3.9505044105804226,5.333333333333333,5.320921844268105,5.508421844268105,47.375,1.0159352211448573,5.861493035323207,6.0
3507,8,8.0,2.0,2.0,2.0,3.2714697935869914,3.2714697935869914,3.2714697935869914,3.3339697935869914,33.0,0.03125833608730441,3.2816958638177325,4.0
3508,8,3.0,3.0,3.4285714285714284,3.2063369378034388,2.0969635046725936,3.4285714285714284,3.2063369378034388,3.3313369378034388,19.125,-0.919168918185638,2.911620412357495,4.0
3509,8,4.0,1.0,1.0,1.0,2.09103557543267,2.09103557543267,2.09103557543267,2.09103557543267,31.375,-0.08005296396267983,2.0742962158761906,3.0
3510,8,2.0,1.0,1.0,1.0,1.1538143190560826,1.1538143190560826,1.1538143190560826,1.1538143190560826,33.875,0.09119518996037285,1.1643365506566143,2.0
3511,8,3.0,2.0,2.2857142857142856,2.1375579585356257,2.1687400344653076,2.2857142857142856,2.1687400344653076,2.2312400344653076,15.5,-1.1674787413740644,1.9155442458847975,3.0
3512,8,15.0,3.0,3.0,3.407328592436738,2.8386694136129735,3.0,3.407328592436738,3.532328592436738,54.875,1.5296796829140153,3.928540724522987,4.0
3513,8,12.0,5.0,8.0,7.273821453226307,4.143363537642172,8.0,7.273821453226307,7.523821453226307,36.125,0.24531852849112024,7.45226177076757,8.0
3514,8,14.0,3.0,3.4285714285714284,3.676009769735622,3.2605524013929648,3.4285714285714284,3.676009769735622,3.801009769735622,42.375,0.6734389132987519,3.923566572196257,4.0
3515,8,2.0,2.0,2.0,2.0,2.4353368073001906,2.4353368073001906,2.4353368073001906,2.4978368073001906,24.375,-0.5595477949472273,2.2990680732523265,3.0
3516,8,3.0,1.0,1.0,1.0,1.4550371385302632,1.4550371385302632,1.4550371385302632,1.4550371385302632,29.875,-0.1828018563165114,1.4284387895369834,2.0
3517,8,3.0,1.0,1.0,1.0,1.3142443194271494,1.3142443194271494,1.3142443194271494,1.3142443194271494,20.125,-0.8506696566164168,1.2024455430354324,2.0
3518,8,24.0,5.0,8.0,7.273821453226307,3.3896657258992495,8.0,7.273821453226307,7.523821453226307,77.25,3.0623506605253366,9.501320646409402,8.0
3519,8,4.0,3.0,4.0,3.443153522546566,2.5012218967413875,4.0,3.443153522546566,3.568153522546566,37.375,0.3309426054526466,3.557102142319068,4.0
3520,8,3.0,1.0,1.0,1.0,1.347503058061585,1.347503058061585,1.347503058061585,1.347503058061585,25.0,-0.5167357564664641,1.2778727568567523,2.0
3521,8,11.0,4.0,5.333333333333333,5.320921844268105,4.551294304824701,5.333333333333333,5.320921844268105,5.508421844268105,45.375,0.8789366980064152,5.788597191883228,6.0
3522,8,3.0,2.0,2.0,2.2715523949578253,1.9941263332020427,2.0,2.2715523949578253,2.3340523949578253,28.875,-0.2513011178857325,2.214468029338934,3.0
3523,8,11.0,5.0,8.0,7.273821453226307,4.7444415369956445,8.0,7.273821453226307,7.523821453226307,48.25,1.0758720750179256,8.056391591245555,8.0
3524,8,5.0,3.0,3.0,3.9426460859987684,2.967161445915811,3.0,3.9426460859987684,4.067646085998769,22.625,-0.6794215026933642,3.674774233165029,4.0
3525,8,5.0,3.0,3.4285714285714284,3.676009769735622,2.459398692289714,3.4285714285714284,3.676009769735622,3.801009769735622,30.125,-0.16567704092420615,3.615106727629795,4.0
3526,8,13.0,2.0,2.0,2.2715523949578253,4.453825161864829,4.453825161864829,4.453825161864829,4.516325161864829,50.5,1.229995413548673,5.00164361404897,5.0
3527,8,6.0,2.0,2.2857142857142856,2.1375579585356257,2.2480839340599457,2.2857142857142856,2.2480839340599457,2.3105839340599457,34.625,0.14256963613728865,2.2801347849084466,3.0
3528,8,8.0,2.0,2.0,2.2715523949578253,2.210886755626043,2.210886755626043,2.2715523949578253,2.3340523949578253,35.125,0.17681926692189917,2.311717817882938,3.0
3529,8,3.0,1.0,1.0,1.0,1.3958158927648086,1.3958158927648086,1.3958158927648086,1.3958158927648086,32.5,-0.0029912946973061245,1.3953983630969642,2.0
3530,8,9.0,3.0,3.0,3.9426460859987684,4.6838662388523,4.6838662388523,4.6838662388523,4.8088662388523,44.75,0.836124659525652,5.075495845274707,5.0
3531,8,3.0,1.0,1.0,1.0,1.3509380346506334,1.3509380346506334,1.3509380346506334,1.3509380346506334,29.5,-0.20848907940496933,1.3227724519328865,2.0
3532,8,4.0,4.0,5.333333333333333,5.320921844268105,3.5759895417976133,5.333333333333333,5.320921844268105,5.508421844268105,28.25,-0.29411315636649565,5.164426532428393,6.0
3533,8,9.0,2.0,2.0,2.2715523949578253,2.6472004970340097,2.6472004970340097,2.6472004970340097,2.7097004970340097,45.625,0.8960615133987204,2.884405945398224,3.0
3534,8,1.0,1.0,1.0,1.0,1.6413356840703397,1.6413356840703397,1.6413356840703397,1.6413356840703397,20.25,-0.8421072489202642,1.5031176163236264,2.0
3535,8,8.0,4.0,4.0,7.665469823480081,5.32742406951408,5.32742406951408,7.665469823480081,7.852969823480081,35.0,0.16825685922574654,7.79444661117893,8.0
3536,8,2.0,1.0,1.0,1.0,1.0147561634797941,1.0147561634797941,1.0147561634797941,1.0147561634797941,28.0,-0.3112379717588009,0.9831730984646748,2.0
3537,8,1.0,1.0,1.0,1.0,1.0000000000000004,1.0000000000000004,1.0000000000000004,1.0000000000000004,24.875,-0.5252981641626168,0.9474701835837388,2.0
3538,8,5.0,3.0,3.0,3.9426460859987684,5.230773354224214,5.230773354224214,5.230773354224214,5.355773354224214,41.0,0.579252428641073,5.533767171134752,6.0
3539,8,9.0,2.0,2.2857142857142856,2.1375579585356257,3.7647772361290768,3.7647772361290768,3.7647772361290768,3.8272772361290768,62.0,2.0177369215947154,4.524410239220771,4.0
3540,8,16.0,3.0,3.4285714285714284,3.676009769735622,3.588334153254176,3.588334153254176,3.676009769735622,3.801009769735622,43.625,0.7590629902602782,3.9550420665397734,4.0
3541,8,3.0,1.0,1.0,1.0,1.141448862285404,1.141448862285404,1.141448862285404,1.141448862285404,31.125,-0.09717777935498509,1.130356515716987,2.0
3542,8,6.0,3.0,3.4285714285714284,3.676009769735622,2.64542596240089,3.4285714285714284,3.676009769735622,3.801009769735622,34.125,0.1083200053526781,3.715828309529048,4.0
3543,8,2.0,1.0,1.0,1.0,1.0000000000000009,1.0000000000000009,1.0000000000000009,1.0000000000000009,24.5,-0.5509853872510747,0.9449014612748934,2.0
3544,8,3.0,2.0,2.2857142857142856,2.1375579585356257,2.2315192873033007,2.2857142857142856,2.2315192873033007,2.2940192873033007,26.75,-0.39686204872032727,2.1429587556914895,3.0
3545,8,3.0,2.0,2.0,2.2715523949578253,2.4626792831744306,2.4626792831744306,2.4626792831744306,2.5251792831744306,19.0,-0.9277313258817905,2.2342088115143275,3.0
3546,8,18.0,6.0,12.0,11.916610568939126,5.605150012327681,12.0,11.916610568939126,12.229110568939126,57.875,1.7351774676216785,13.984353983903677,12.0
3547,8,2.0,1.0,1.0,1.0,1.2995263585383547,1.2995263585383547,1.2995263585383547,1.2995263585383547,15.625,-1.1589163336779116,1.148922126242847,2.0
3548,8,25.0,5.0,8.0,7.273821453226307,4.357390252323343,8.0,7.273821453226307,7.523821453226307,65.75,2.2746091524792944,8.928331538327187,8.0
3549,8,1.0,1.0,1.0,1.0,1.2224595689671736,1.2224595689671736,1.2224595689671736,1.2224595689671736,20.0,-0.8592320643125695,1.1174219230689417,2.0
3550,8,8.0,2.0,2.0,2.0,2.0204848747354855,2.0204848747354855,2.0204848747354855,2.0829848747354855,39.25,0.4593787208949361,2.113301650469841,3.0
3551,8,3.0,2.0,2.2857142857142856,2.1375579585356257,1.3387002025108505,2.2857142857142856,2.1375579585356257,2.2000579585356257,17.5,-1.030480218235622,1.9172868393753175,3.0
3552,8,2.0,1.0,1.0,1.0,1.1488954723312714,1.1488954723312714,1.1488954723312714,1.1488954723312714,20.25,-0.8421072489202642,1.052146151781088,2.0
3553,8,14.0,4.0,5.333333333333333,4.590871363395421,3.611431905702954,5.333333333333333,4.590871363395421,4.778371363395421,68.0,2.4287324910100416,5.705871207628024,5.0
3554,8,7.0,3.0,3.0,3.407328592436738,3.8771326479999337,3.8771326479999337,3.8771326479999337,4.002132647999934,53.625,1.444055605952489,4.437012161536505,4.0
3555,8,2.0,2.0,2.0,2.2715523949578253,3.1399406736538786,3.1399406736538786,3.1399406736538786,3.2024406736538786,48.5,1.092996890410231,3.4831352128915083,4.0
3556,8,8.0,2.0,2.2857142857142856,2.1375579585356257,1.7242774592966537,2.2857142857142856,2.1375579585356257,2.2000579585356257,27.625,-0.3369251948472588,2.065538245367933,3.0
3557,8,7.0,1.0,1.0,1.0,3.3722214456103607,3.3722214456103607,3.3722214456103607,3.3722214456103607,42.375,0.6734389132987519,3.5993199601838195,4.0
3558,8,2.0,1.0,1.0,1.0,1.0000000000000013,1.0000000000000013,1.0000000000000013,1.0000000000000013,17.5,-1.030480218235622,0.896951978176439,2.0
3559,8,9.0,4.0,5.333333333333333,4.590871363395421,4.008904009531447,5.333333333333333,4.590871363395421,4.778371363395421,34.625,0.14256963613728865,4.6563232493786595,5.0
3560,8,8.0,2.0,2.0,2.2715523949578253,3.094006735836394,3.094006735836394,3.094006735836394,3.156506735836394,63.75,2.1376106293408523,3.7553849044140013,4.0
3561,8,1.0,1.0,1.0,1.0,1.0000000000000004,1.0000000000000004,1.0000000000000004,1.0000000000000004,14.0,-1.270227633727896,0.8729772366272107,2.0
3562,8,6.0,2.0,2.0,2.0,1.9763889061232547,2.0,2.0,2.0625,34.125,0.1083200053526781,2.0216640010705356,2.0
3563,8,1.0,1.0,1.0,1.0,1.0854538276202614,1.0854538276202614,1.0854538276202614,1.0854538276202614,18.5,-0.961980956666401,0.9810352364691268,2.0
3564,8,5.0,2.0,2.0,2.0,2.4520554803339594,2.4520554803339594,2.4520554803339594,2.5145554803339594,29.25,-0.2256138947972746,2.396733701616245,3.0
3565,8,3.0,2.0,2.0,2.0,1.7019044993802988,2.0,2.0,2.0625,22.75,-0.6708590949972115,1.8658281810005577,2.0
3566,8,9.0,3.0,3.4285714285714284,3.676009769735622,2.5706645502046257,3.4285714285714284,3.676009769735622,3.801009769735622,48.625,1.1015592981063835,4.080944043913839,4.0
3567,8,4.0,1.0,1.0,1.0,1.0000000000000004,1.0000000000000004,1.0000000000000004,1.0000000000000004,20.75,-0.8078576181356537,0.9192142381864351,2.0
3568,8,4.0,1.0,1.0,1.0,1.1389559213158602,1.1389559213158602,1.1389559213158602,1.1389559213158602,28.5,-0.2769883409741904,1.107408170207059,2.0
3569,8,6.0,1.0,1.0,1.0,1.234986618415501,1.234986618415501,1.234986618415501,1.234986618415501,33.625,0.07407037456806757,1.2441342105567597,2.0
3570,8,5.0,3.0,4.0,3.443153522546566,2.9530216430346403,4.0,3.443153522546566,3.568153522546566,35.0,0.16825685922574654,3.501086942300141,4.0
3571,8,7.0,3.0,3.4285714285714284,3.2063369378034388,2.615709520347776,3.4285714285714284,3.2063369378034388,3.3313369378034388,35.875,0.22819371309881498,3.2795035309317635,4.0
3572,8,5.0,1.0,1.0,1.0,1.3558569543243566,1.3558569543243566,1.3558569543243566,1.3558569543243566,26.625,-0.4054244564164799,1.300887197455811,2.0
3573,8,2.0,2.0,2.0,2.2715523949578253,1.9193809933659738,2.0,2.2715523949578253,2.3340523949578253,19.5,-0.89348169509718,2.0685933465229276,3.0
3574,8,2.0,1.0,1.0,1.0,1.4298185219737825,1.4298185219737825,1.4298185219737825,1.4298185219737825,17.625,-1.0219178105394695,1.2837028206293595,2.0
3575,8,6.0,1.0,1.0,1.0,1.4374238579497343,1.4374238579497343,1.4374238579497343,1.4374238579497343,28.375,-0.285550748670343,1.3963781120703183,2.0
3576,8,4.0,1.0,1.0,1.0,1.5166559168183211,1.5166559168183211,1.5166559168183211,1.5166559168183211,17.875,-1.0047929951471641,1.3642633926915662,2.0
3577,8,5.0,3.0,3.4285714285714284,3.676009769735622,2.085552727134388,3.4285714285714284,3.676009769735622,3.801009769735622,27.625,-0.3369251948472588,3.552155738942762,4.0
3578,8,16.0,3.0,3.0,3.407328592436738,3.6434456145797567,3.6434456145797567,3.6434456145797567,3.7684456145797567,56.75,1.6581157983563048,4.247571087978426,4.0
3579,8,1.0,1.0,1.0,1.0,1.536028922898533,1.536028922898533,1.536028922898533,1.536028922898533,14.75,-1.21885318755098,1.3488095480139954,2.0
3580,8,6.0,2.0,2.2857142857142856,2.1375579585356257,2.112496559916851,2.2857142857142856,2.1375579585356257,2.2000579585356257,32.0,-0.03724092548191666,2.1295974948709153,3.0
3581,8,9.0,4.0,4.571428571428571,5.74252713155054,4.34884515115461,4.571428571428571,5.74252713155054,5.93002713155054,51.0,1.2642450443332836,6.46852327835176,6.0
3582,8,2.0,1.0,1.0,1.0,1.3027855179876244,1.3027855179876244,1.3027855179876244,1.3027855179876244,22.875,-0.662296687301059,1.2165024647049245,2.0
3583,8,3.0,1.0,1.0,1.0,1.0002825136252662,1.0002825136252662,1.0002825136252662,1.0002825136252662,17.875,-1.0047929951471641,0.8997748273393796,2.0
3584,8,9.0,2.0,2.0,2.0,2.92204321038876,2.92204321038876,2.92204321038876,2.98454321038876,36.0,0.2367561207949676,2.991224371917452,3.0
3585,8,18.0,3.0,4.0,3.443153522546566,4.036432282563256,4.036432282563256,4.036432282563256,4.161432282563256,60.75,1.932112844633189,4.816316548526509,5.0
3586,8,10.0,3.0,3.4285714285714284,3.676009769735622,3.218224473950434,3.4285714285714284,3.676009769735622,3.801009769735622,40.25,0.5278779824641572,3.8700582318122794,4.0
3587,8,7.0,2.0,2.0,2.2715523949578253,3.1625573258872928,3.1625573258872928,3.1625573258872928,3.2250573258872928,46.0,0.9217487364871783,3.4540656478077807,4.0
3588,8,1.0,1.0,1.0,1.0,1.0000000000000013,1.0000000000000013,1.0000000000000013,1.0000000000000013,15.875,-1.1417915182856064,0.8858208481714406,2.0
3589,8,2.0,1.0,1.0,1.0,1.4744873721618956,1.4744873721618956,1.4744873721618956,1.4744873721618956,23.625,-0.6109222411241431,1.3844076591708563,2.0
3590,8,3.0,1.0,1.0,1.0,1.02370850399749,1.02370850399749,1.02370850399749,1.02370850399749,31.5,-0.07149055626652719,1.0163899549569346,2.0
3591,8,1.0,1.0,1.0,1.0,1.631890263101943,1.631890263101943,1.631890263101943,1.631890263101943,22.25,-0.705108725781822,1.5168242566987855,2.0
3592,8,6.0,3.0,3.4285714285714284,3.2063369378034388,3.307724394017348,3.4285714285714284,3.307724394017348,3.432724394017348,42.25,0.6648765056025993,3.527647217676421,4.0
3593,8,2.0,1.0,1.0,1.0,2.3131160419841224,2.3131160419841224,2.3131160419841224,2.3131160419841224,26.0,-0.44823649489724304,2.209433739289168,3.0
3594,8,1.0,1.0,1.0,1.0,1.0296468918468593,1.0296468918468593,1.0296468918468593,1.0296468918468593,22.875,-0.662296687301059,0.9614537192908587,2.0
3595,8,7.0,3.0,3.0,3.9426460859987684,4.046419597573221,4.046419597573221,4.046419597573221,4.171419597573221,29.875,-0.1828018563165114,3.972450296186032,5.0
3596,8,2.0,1.0,1.0,1.0,1.9177232714688657,1.9177232714688657,1.9177232714688657,1.9177232714688657,36.25,0.25388093618727287,1.966410609419729,2.0
3597,8,7.0,1.0,1.0,1.0,2.387928515529522,2.387928515529522,2.387928515529522,2.387928515529522,40.125,0.5193155747680045,2.511937362484234,3.0
3598,8,2.0,1.0,1.0,1.0,1.0225686599029853,1.0225686599029853,1.0225686599029853,1.0225686599029853,18.375,-0.9705433643625537,0.9233239371555901,2.0
3599,8,9.0,2.0,2.2857142857142856,2.1375579585356257,3.1164110876105653,3.1164110876105653,3.1164110876105653,3.1789110876105653,60.5,1.9149880292408838,3.7132000803073444,4.0
3600,8,4.0,3.0,3.4285714285714284,3.2063369378034388,1.7476143294218027,3.4285714285714284,3.2063369378034388,3.3313369378034388,18.625,-0.9534185489702485,2.9006388267284122,4.0
3601,8,24.0,4.0,5.333333333333333,5.320921844268105,6.33612539629555,6.33612539629555,6.33612539629555,6.52362539629555,59.0,1.812239136887052,7.4843828382346285,7.0
3602,8,10.0,5.0,8.0,7.273821453226307,4.010252649819137,8.0,7.273821453226307,7.523821453226307,52.75,1.3841187520794205,8.280604720495118,8.0
3603,8,2.0,2.0,2.2857142857142856,2.1375579585356257,1.961712071041409,2.2857142857142856,2.1375579585356257,2.2000579585356257,27.625,-0.3369251948472588,2.065538245367933,3.0
3604,8,6.0,2.0,2.0,2.2715523949578253,1.9996094443659644,2.0,2.2715523949578253,2.3340523949578253,39.25,0.4593787208949361,2.3759026783219808,3.0
3605,8,1.0,1.0,1.0,1.0,1.0204729604802778,1.0204729604802778,1.0204729604802778,1.0204729604802778,17.25,-1.0476050336279275,0.9135676994722446,2.0
3606,8,8.0,3.0,3.4285714285714284,3.2063369378034388,2.7101378089927572,3.4285714285714284,3.2063369378034388,3.3313369378034388,45.75,0.904623921094873,3.4963898471061463,4.0
3607,8,4.0,1.0,1.0,1.0,1.4904207887721617,1.4904207887721617,1.4904207887721617,1.4904207887721617,15.0,-1.201728372158675,1.3113126939398998,2.0
3608,8,1.0,1.0,1.0,1.0,1.6182262060386663,1.6182262060386663,1.6182262060386663,1.6182262060386663,19.375,-0.9020441027933326,1.4722550654243856,2.0
3609,8,10.0,4.0,5.333333333333333,4.590871363395421,2.8218486497640036,5.333333333333333,4.590871363395421,4.778371363395421,50.875,1.255682636637131,5.167339109200447,5.0
3610,8,2.0,1.0,1.0,1.0,1.2989077744562465,1.2989077744562465,1.2989077744562465,1.2989077744562465,13.875,-1.2787900414240485,1.1328047417859544,2.0
3611,8,8.0,3.0,3.4285714285714284,3.2063369378034388,3.3059792572707796,3.4285714285714284,3.3059792572707796,3.4309792572707796,31.75,-0.05436574087422193,3.2880060561071462,4.0
3612,8,8.0,3.0,4.0,3.443153522546566,3.026257542923323,4.0,3.443153522546566,3.568153522546566,31.5,-0.07149055626652719,3.4185382264827755,4.0
3613,8,8.0,3.0,3.4285714285714284,3.676009769735622,2.9958999258752517,3.4285714285714284,3.676009769735622,3.801009769735622,25.25,-0.4996109410741589,3.49235229969008,4.0
3614,8,5.0,3.0,3.4285714285714284,3.2063369378034388,3.388771860353805,3.4285714285714284,3.388771860353805,3.513771860353805,16.75,-1.081854664412538,3.022155995978433,4.0
3615,8,9.0,3.0,3.0,3.9426460859987684,2.690922602408336,3.0,3.9426460859987684,4.067646085998769,60.125,1.889300806152426,4.687530528863886,4.0
3616,8,7.0,2.0,2.2857142857142856,2.1375579585356257,2.3447792052226575,2.3447792052226575,2.3447792052226575,2.4072792052226575,29.25,-0.2256138947972746,2.2918777283296636,3.0
3617,8,3.0,2.0,2.2857142857142856,2.1375579585356257,1.610439965954511,2.2857142857142856,2.1375579585356257,2.2000579585356257,26.25,-0.4311116795049378,2.045405338381282,3.0
3618,8,10.0,2.0,2.0,2.0,2.2610795206573657,2.2610795206573657,2.2610795206573657,2.3235795206573657,71.0,2.634230275717705,2.8566999335694567,3.0
3619,8,19.0,4.0,4.0,7.665469823480081,4.842635711798046,4.842635711798046,7.665469823480081,7.852969823480081,51.375,1.2899322674217415,8.65426351050554,8.0
3620,8,7.0,1.0,1.0,1.0,2.1279473542667517,2.1279473542667517,2.1279473542667517,2.1279473542667517,19.875,-0.8677944720087221,1.9432852591909242,3.0
3621,8,6.0,2.0,2.2857142857142856,2.1375579585356257,1.6384456828174951,2.2857142857142856,2.1375579585356257,2.2000579585356257,33.625,0.07407037456806757,2.1533909304005943,3.0
3622,8,1.0,1.0,1.0,1.0,1.1628891543080337,1.1628891543080337,1.1628891543080337,1.1628891543080337,15.75,-1.150353925981759,1.0291157438940481,2.0
3623,8,13.0,3.0,3.4285714285714284,3.676009769735622,3.282647250451143,3.4285714285714284,3.676009769735622,3.801009769735622,48.25,1.0758720750179256,4.071501395610785,4.0
3624,8,4.0,1.0,1.0,1.0,1.7908617939027045,1.7908617939027045,1.7908617939027045,1.7908617939027045,31.5,-0.07149055626652719,1.7780588233184471,2.0
3625,8,12.0,3.0,3.4285714285714284,3.2063369378034388,3.641577759246493,3.641577759246493,3.641577759246493,3.766577759246493,49.625,1.1700585596756046,4.0676636820395595,4.0
3626,8,14.0,5.0,6.666666666666667,9.753057789243005,5.931096368975467,6.666666666666667,9.753057789243005,10.003057789243005,48.25,1.0758720750179256,10.802362041391266,10.0
3627,8,2.0,1.0,1.0,1.0,1.1553222957888414,1.1553222957888414,1.1553222957888414,1.1553222957888414,25.75,-0.4653613102895483,1.1015580660513389,2.0
3628,8,3.0,1.0,1.0,1.0,1.93156478851513,1.93156478851513,1.93156478851513,1.93156478851513,27.0,-0.379737233328022,1.8582160816366737,2.0
3629,8,5.0,1.0,1.0,1.0,2.390155814749437,2.390155814749437,2.390155814749437,2.390155814749437,53.25,1.418368382864031,2.7291679585253585,3.0
3630,8,4.0,2.0,2.0,2.0,1.7469757278544504,2.0,2.0,2.0625,18.875,-0.9362937335779432,1.8127412532844114,2.0
3631,8,8.0,2.0,2.2857142857142856,2.1375579585356257,3.6063148363806175,3.6063148363806175,3.6063148363806175,3.6688148363806175,33.25,0.04838315147960968,3.623763324081794,4.0
3632,8,9.0,2.0,2.0,2.2715523949578253,2.2269570605605202,2.2269570605605202,2.2715523949578253,2.3340523949578253,52.875,1.392681159775573,2.58790721734791,3.0
3633,8,1.0,1.0,1.0,1.0,1.0000017073653547,1.0000017073653547,1.0000017073653547,1.0000017073653547,18.25,-0.9791057720587063,0.9020909629903566,2.0
3634,8,1.0,1.0,1.0,1.0,1.8701443220086933,1.8701443220086933,1.8701443220086933,1.8701443220086933,18.875,-0.9362937335779432,1.6950438810503823,2.0
3635,8,10.0,2.0,2.2857142857142856,2.1375579585356257,1.7098884761802706,2.2857142857142856,2.1375579585356257,2.2000579585356257,51.125,1.2728074520294363,2.409627928412523,3.0
3636,8,7.0,4.0,4.571428571428571,5.74252713155054,3.96082451633085,4.571428571428571,5.74252713155054,5.93002713155054,55.5,1.5724917213947784,6.645534768975354,6.0
3637,8,5.0,1.0,1.0,1.0,1.499020321898843,1.499020321898843,1.499020321898843,1.499020321898843,27.375,-0.3540500102395641,1.445947505867083,2.0
3638,8,13.0,5.0,8.0,7.273821453226307,4.516063389483738,8.0,7.273821453226307,7.523821453226307,60.125,1.889300806152426,8.648065126765234,8.0
3639,8,2.0,1.0,1.0,1.0,1.4465024409999612,1.4465024409999612,1.4465024409999612,1.4465024409999612,18.75,-0.9448561412740958,1.3098287695252828,2.0
3640,8,1.0,1.0,1.0,1.0,1.075466099515498,1.075466099515498,1.075466099515498,1.075466099515498,23.375,-0.6280470565164483,1.0079217676971046,2.0
3641,8,4.0,2.0,2.0,2.0,2.0203538676203663,2.0203538676203663,2.0203538676203663,2.0828538676203663,18.875,-0.9362937335779432,1.8311894010340752,3.0
3642,8,2.0,2.0,2.0,2.0,1.5915844125767435,2.0,2.0,2.0625,34.625,0.14256963613728865,2.0285139272274577,2.0
3643,8,6.0,2.0,2.2857142857142856,2.1375579585356257,2.9369677731564754,2.9369677731564754,2.9369677731564754,2.9994677731564754,30.125,-0.16567704092420615,2.8883089601618437,3.0
3644,8,2.0,1.0,1.0,1.0,1.6783490238427323,1.6783490238427323,1.6783490238427323,1.6783490238427323,21.125,-0.7821703950471958,1.5470735319421178,2.0
3645,8,3.0,1.0,1.0,1.0,1.38439158900007,1.38439158900007,1.38439158900007,1.38439158900007,22.625,-0.6794215026933642,1.2903330476286217,2.0
3646,8,6.0,4.0,5.333333333333333,4.590871363395421,3.5661216664963096,5.333333333333333,4.590871363395421,4.778371363395421,43.25,0.7333757671718204,4.927554744207147,5.0
3647,8,1.0,1.0,1.0,1.0,1.0928048187325994,1.0928048187325994,1.0928048187325994,1.0928048187325994,19.375,-0.9020441027933326,0.9942290045084116,2.0
3648,8,1.0,1.0,1.0,1.0,1.000382406701621,1.000382406701621,1.000382406701621,1.000382406701621,20.125,-0.8506696566164168,0.9152829108622237,2.0
3649,8,12.0,5.0,6.666666666666667,9.753057789243005,4.9493097856978885,6.666666666666667,9.753057789243005,10.003057789243005,42.375,0.6734389132987519,10.40986665313578,10.0
3650,8,7.0,2.0,2.0,2.0,1.584410029651012,2.0,2.0,2.0625,38.375,0.3994418670218676,2.0798883734043736,2.0
3651,8,10.0,3.0,3.0,3.9426460859987684,4.687393488602053,4.687393488602053,4.687393488602053,4.812393488602053,55.625,1.581054129090931,5.428495771584875,5.0
3652,8,5.0,1.0,1.0,1.0,1.3843952818250789,1.3843952818250789,1.3843952818250789,1.3843952818250789,56.75,1.6581157983563048,1.6139440506214882,2.0
3653,8,11.0,4.0,5.333333333333333,5.320921844268105,4.037596702581817,5.333333333333333,5.320921844268105,5.508421844268105,53.375,1.4269307905601836,6.08018056564315,6.0
3654,8,6.0,2.0,2.0,2.0,2.112848793804725,2.112848793804725,2.112848793804725,2.175348793804725,33.25,0.04838315147960968,2.1230714221291414,3.0
3655,8,3.0,2.0,2.0,2.2715523949578253,1.5745719184319777,2.0,2.2715523949578253,2.3340523949578253,20.25,-0.8421072489202642,2.080263321148208,3.0
3656,8,4.0,1.0,1.0,1.0,1.4294849725057834,1.4294849725057834,1.4294849725057834,1.4294849725057834,21.875,-0.73079594887028,1.3250187898179664,2.0
3657,8,10.0,3.0,3.0,3.9426460859987684,2.8323247702039414,3.0,3.9426460859987684,4.067646085998769,33.625,0.07407037456806757,3.9718494132366935,4.0
3658,8,2.0,1.0,1.0,1.0,1.2482594769334039,1.2482594769334039,1.2482594769334039,1.2482594769334039,19.875,-0.8677944720087221,1.139936209561873,2.0
3659,8,2.0,1.0,1.0,1.0,1.655576956748541,1.655576956748541,1.655576956748541,1.655576956748541,13.375,-1.313039672208659,1.4381931342880097,2.0
3660,8,3.0,1.0,1.0,1.0,1.690394608603557,1.690394608603557,1.690394608603557,1.690394608603557,17.5,-1.030480218235622,1.5162027880857458,2.0
3661,8,8.0,5.0,6.666666666666667,9.753057789243005,4.649997463011364,6.666666666666667,9.753057789243005,10.003057789243005,39.75,0.4936283516795466,10.234496373276944,10.0
3662,8,4.0,2.0,2.2857142857142856,2.1375579585356257,1.5476501601463082,2.2857142857142856,2.1375579585356257,2.2000579585356257,25.75,-0.4653613102895483,2.0380842812952267,3.0
3663,8,7.0,3.0,3.0,3.9426460859987684,3.060081628883843,3.060081628883843,3.9426460859987684,4.067646085998769,38.375,0.3994418670218676,4.10013187735855,4.0
3664,8,2.0,2.0,2.2857142857142856,2.1375579585356257,2.2632693739571894,2.2857142857142856,2.2632693739571894,2.3257693739571894,20.25,-0.8421072489202642,2.0726778193503317,3.0
3665,8,1.0,1.0,1.0,1.0,1.3712197166773996,1.3712197166773996,1.3712197166773996,1.3712197166773996,29.25,-0.2256138947972746,1.3402830945871593,2.0
3666,8,2.0,1.0,1.0,1.0,1.5489475048125017,1.5489475048125017,1.5489475048125017,1.5489475048125017,29.5,-0.20848907940496933,1.5166536408800033,2.0
3667,8,3.0,2.0,2.0,2.0,1.6677123174688329,2.0,2.0,2.0625,13.875,-1.2787900414240485,1.7442419917151903,2.0
3668,8,4.0,1.0,1.0,1.0,1.3545307225701078,1.3545307225701078,1.3545307225701078,1.3545307225701078,20.25,-0.8421072489202642,1.2404647085339586,2.0
3669,8,1.0,1.0,1.0,1.0,1.0000000000000013,1.0000000000000013,1.0000000000000013,1.0000000000000013,19.0,-0.9277313258817905,0.9072268674118221,2.0
3670,8,3.0,2.0,2.0,2.0,1.4602916743892032,2.0,2.0,2.0625,33.75,0.0826327822642202,2.016526556452844,2.0
3671,8,4.0,2.0,2.0,2.2715523949578253,2.5536317392329,2.5536317392329,2.5536317392329,2.6161317392329,37.625,0.34806742084495185,2.64251534055916,3.0
3672,8,5.0,2.0,2.2857142857142856,2.1375579585356257,2.0567906639385773,2.2857142857142856,2.1375579585356257,2.2000579585356257,33.125,0.03982074378345704,2.146069873314539,3.0
3673,8,14.0,3.0,3.0,3.407328592436738,3.483378197382082,3.483378197382082,3.483378197382082,3.608378197382082,54.5,1.5039924598255574,4.0072756517404216,4.0
3674,8,33.0,7.0,28.0,14.160351404155936,7.126823740452271,28.0,14.160351404155936,14.535351404155936,62.25,2.0348617369870206,17.041787129616672,15.0
3675,8,9.0,3.0,3.0,3.407328592436738,3.0446765281961228,3.0446765281961228,3.407328592436738,3.532328592436738,52.0,1.3327443059025046,3.861438370427624,4.0
3676,8,4.0,1.0,1.0,1.0,1.4842295861892496,1.4842295861892496,1.4842295861892496,1.4842295861892496,35.125,0.17681926692189917,1.5104736249266273,2.0
3677,8,2.0,1.0,1.0,1.0,1.0122575370204117,1.0122575370204117,1.0122575370204117,1.0122575370204117,27.875,-0.31980037945495354,0.9798855025758852,2.0
3678,8,2.0,1.0,1.0,1.0,1.8292757292969575,1.8292757292969575,1.8292757292969575,1.8292757292969575,24.75,-0.5338605718587695,1.7316179106039733,2.0
3679,8,3.0,1.0,1.0,1.0,1.2231821735916721,1.2231821735916721,1.2231821735916721,1.2231821735916721,6.75,-1.7668472801047486,1.0070645639433662,2.0
3680,8,6.0,2.0,2.0,2.0,2.138015532114326,2.138015532114326,2.138015532114326,2.200515532114326,37.375,0.3309426054526466,2.2087715751839405,3.0
3681,8,2.0,2.0,2.0,2.0,1.925031120871067,2.0,2.0,2.0625,39.875,0.5021907593756992,2.10043815187514,2.0
3682,8,9.0,3.0,3.0,3.9426460859987684,2.874564882500732,3.0,3.9426460859987684,4.067646085998769,37.625,0.34806742084495185,4.079876751444572,4.0
3683,8,11.0,3.0,3.4285714285714284,3.2063369378034388,5.600433787585463,5.600433787585463,5.600433787585463,5.725433787585463,55.625,1.581054129090931,6.485892684041699,6.0
3684,8,2.0,2.0,2.0,2.2715523949578253,2.668456370113177,2.668456370113177,2.668456370113177,2.730956370113177,21.375,-0.7650455796548905,2.4643072950674747,3.0
3685,8,6.0,2.0,2.2857142857142856,2.1375579585356257,2.792664252285313,2.792664252285313,2.792664252285313,2.855164252285313,26.75,-0.39686204872032727,2.6818340066303157,3.0
3686,8,6.0,2.0,2.0,2.0,1.8104517693408604,2.0,2.0,2.0625,46.0,0.9217487364871783,2.1843497472974356,2.0
3687,8,10.0,3.0,4.0,3.443153522546566,6.726872544731683,6.726872544731683,6.726872544731683,6.851872544731683,52.75,1.3841187520794205,7.657951587932816,7.0
3688,8,1.0,1.0,1.0,1.0,1.0003968558806768,1.0003968558806768,1.0003968558806768,1.0003968558806768,20.125,-0.8506696566164168,0.9152961308934611,2.0
3689,8,5.0,3.0,3.4285714285714284,3.2063369378034388,2.1824547781955475,3.4285714285714284,3.2063369378034388,3.3313369378034388,44.625,0.8275622518294993,3.4716812794407104,4.0
3690,8,1.0,1.0,1.0,1.0,1.1521789434632295,1.1521789434632295,1.1521789434632295,1.1521789434632295,20.625,-0.8164200258318063,1.058112747184718,2.0
3691,8,3.0,1.0,1.0,1.0,1.000479458212193,1.000479458212193,1.000479458212193,1.000479458212193,13.875,-1.2787900414240485,0.872539141431085,2.0
3692,8,3.0,2.0,2.2857142857142856,2.1375579585356257,1.9539726338226546,2.2857142857142856,2.1375579585356257,2.2000579585356257,42.75,0.6991261363872098,2.2870002222211,3.0
3693,8,7.0,2.0,2.0,2.0,2.8257541747388295,2.8257541747388295,2.8257541747388295,2.8882541747388295,43.0,0.716250951779515,3.028149086453992,3.0
3694,8,8.0,3.0,4.0,3.443153522546566,3.3790846138882342,4.0,3.443153522546566,3.568153522546566,48.25,1.0758720750179256,3.8135927950373114,4.0
3695,8,1.0,1.0,1.0,1.0,2.3144034519062515,2.3144034519062515,2.3144034519062515,2.3144034519062515,22.125,-0.7136711334779747,2.1492311584215242,3.0
3696,8,2.0,1.0,1.0,1.0,1.3313914273438998,1.3313914273438998,1.3313914273438998,1.3313914273438998,7.75,-1.6983480185355275,1.10527482809143,2.0
3697,8,11.0,3.0,3.4285714285714284,3.676009769735622,3.5417216662936255,3.5417216662936255,3.676009769735622,3.801009769735622,45.625,0.8960615133987204,4.0054028574894005,4.0
3698,8,16.0,2.0,2.0,2.0,2.657530631253186,2.657530631253186,2.657530631253186,2.720030631253186,62.0,2.0177369215947154,3.1937503987480325,3.0
3699,8,8.0,3.0,3.0,3.9426460859987684,4.172107104278967,4.172107104278967,4.172107104278967,4.297107104278967,31.625,-0.06292814857037456,4.145852806708009,5.0
3700,8,4.0,2.0,2.2857142857142856,2.1375579585356257,1.9808737229002937,2.2857142857142856,2.1375579585356257,2.2000579585356257,17.875,-1.0047929951471641,1.9227776321898586,3.0
3701,8,5.0,2.0,2.2857142857142856,2.1375579585356257,1.9785516923347555,2.2857142857142856,2.1375579585356257,2.2000579585356257,25.75,-0.4653613102895483,2.0380842812952267,3.0
3702,8,2.0,1.0,1.0,1.0,1.247496847038999,1.247496847038999,1.247496847038999,1.247496847038999,15.0,-1.201728372158675,1.0975816115124735,2.0
